iowait system user idle 
0.04 0.07 0.04 99.85
0.88 0.06 0.03 99.03
1.09 0.31 0.09 98.50
2.85 0.53 0.19 96.43
0.97 0.16 0.56 98.31
0.35 4.16 0.66 94.83
0.00 4.67 0.88 94.45
0.00 4.45 0.76 94.79
0.00 4.63 0.76 94.61
0.00 4.57 0.76 94.67
0.00 4.54 0.79 94.67
0.00 4.57 0.88 94.55
0.00 4.45 0.82 94.73
0.00 4.50 0.88 94.61
0.00 4.57 0.79 94.64
0.00 4.60 0.76 94.64
0.00 4.54 0.82 94.64
0.00 4.48 0.82 94.70
0.00 4.48 0.85 94.67
0.00 4.51 0.82 94.67
0.00 4.63 0.82 94.55
0.00 4.60 1.35 94.05
0.00 4.36 0.85 94.79
0.00 4.66 0.79 94.55
0.00 4.48 0.73 94.79
0.00 4.57 0.76 94.67
0.00 4.50 0.88 94.61
0.00 4.48 0.82 94.70
0.00 4.66 0.79 94.55
0.00 4.54 0.76 94.70
0.00 4.45 0.85 94.70
0.00 4.73 0.69 94.58
0.00 4.63 0.88 94.49
0.09 4.51 0.79 94.61
0.00 4.51 0.79 94.70
0.00 4.42 0.82 94.76
0.00 4.57 0.72 94.71
0.00 4.51 0.85 94.64
0.00 4.60 0.79 94.61
0.00 4.57 0.82 94.62
0.00 4.69 0.82 94.49
0.00 4.60 0.79 94.61
0.00 4.51 0.82 94.67
0.00 4.45 0.82 94.73
0.00 4.48 0.85 94.67
0.00 4.51 0.85 94.64
0.00 4.72 0.85 94.43
0.00 4.60 0.85 94.55
0.00 4.48 0.98 94.55
0.00 4.57 0.79 94.64
0.00 4.45 0.82 94.73
0.00 4.51 0.79 94.70
0.00 4.45 0.85 94.70
