iowait system user idle 
0.06 0.17 0.06 99.71
0.53 0.06 0.00 99.41
1.03 0.03 0.00 98.94
0.88 0.50 0.13 98.50
0.44 1.03 0.00 98.53
2.22 0.44 0.59 96.74
0.85 2.61 0.44 96.10
0.00 5.91 0.85 93.24
0.00 5.87 0.92 93.22
0.00 5.81 0.85 93.34
0.00 5.80 0.98 93.22
0.00 5.65 0.95 93.40
0.00 5.62 0.95 93.43
0.00 5.78 0.79 93.43
0.00 5.58 0.91 93.50
0.00 5.55 0.88 93.57
0.00 5.65 0.82 93.53
0.00 5.65 0.85 93.50
0.00 5.77 0.91 93.31
0.00 5.65 0.82 93.53
0.00 5.67 0.88 93.44
0.00 5.68 0.88 93.44
0.00 5.80 0.91 93.29
0.00 5.74 0.85 93.41
0.00 5.68 1.20 93.12
0.00 5.52 1.10 93.38
0.13 5.77 0.91 93.19
0.00 5.62 0.79 93.59
0.00 5.80 0.85 93.35
0.00 5.59 0.76 93.65
0.00 5.58 0.88 93.53
0.00 5.68 0.88 93.44
0.00 5.70 0.82 93.48
0.00 5.77 0.79 93.44
0.00 5.80 0.85 93.35
0.00 5.77 0.79 93.44
0.00 5.70 0.85 93.44
0.00 5.36 0.85 93.79
0.00 5.80 0.69 93.50
0.00 5.53 0.88 93.59
0.00 5.74 0.79 93.47
0.00 5.62 0.82 93.56
0.00 5.83 0.82 93.35
0.00 5.52 0.76 93.72
0.00 5.74 0.88 93.37
0.00 5.80 0.79 93.41
0.00 5.68 0.85 93.47
0.00 5.74 0.82 93.44
0.00 5.74 0.91 93.35
0.00 5.71 0.88 93.41
0.00 5.80 0.85 93.35
0.00 5.62 0.88 93.50
0.00 5.55 0.92 93.53
0.00 5.68 0.82 93.50
0.00 5.77 0.82 93.41
0.00 5.68 0.79 93.53
0.00 5.80 0.88 93.32
0.00 5.58 0.88 93.53
0.00 5.55 0.88 93.57
0.00 5.65 0.82 93.53
0.00 5.80 0.76 93.44
0.00 5.53 0.82 93.65
