iowait system user idle 
0.06 0.18 0.06 99.70
1.35 0.72 0.22 97.72
3.28 0.13 0.41 96.19
2.10 0.72 0.13 97.05
4.98 6.53 0.95 87.54
4.22 6.24 0.95 88.59
4.74 5.75 1.01 88.50
4.38 5.87 0.88 88.86
3.88 5.90 0.92 89.30
4.45 5.99 0.95 88.62
4.51 5.59 1.04 88.86
4.42 5.93 0.98 88.67
5.62 6.06 0.92 87.40
3.56 6.18 0.85 89.41
2.74 6.14 0.88 90.23
2.37 6.03 0.82 90.78
1.55 6.18 0.88 91.39
2.02 6.31 0.88 90.79
1.83 6.25 0.92 91.01
1.77 6.09 0.98 91.17
2.21 6.31 0.85 90.63
1.92 6.46 0.91 90.71
1.86 6.25 0.88 91.00
1.96 6.25 1.01 90.79
2.49 6.40 0.91 90.20
1.54 6.52 0.88 91.05
2.02 6.50 0.88 90.60
1.36 6.47 0.91 91.26
1.86 6.77 0.91 90.46
1.54 6.90 0.94 90.62
1.83 6.81 0.91 90.44
1.61 7.06 0.82 90.52
1.51 7.11 0.91 90.46
1.79 7.01 1.07 90.12
1.51 7.11 0.85 90.53
1.79 7.21 0.91 90.08
1.92 7.26 0.85 89.97
1.70 7.05 0.94 90.30
1.35 7.05 0.98 90.62
1.54 7.05 0.91 90.49
1.51 7.15 0.98 90.37
1.26 7.23 0.94 90.57
0.94 7.29 0.88 90.88
1.32 7.47 0.88 90.33
1.20 7.46 0.82 90.53
2.42 7.36 1.51 88.70
1.60 7.54 0.85 90.01
1.67 7.37 0.76 90.21
1.23 7.32 0.94 90.51
2.95 5.14 0.72 91.19
