iowait system user idle 
0.05 0.15 0.05 99.75
0.78 0.72 0.06 98.43
0.00 1.06 0.03 98.90
1.16 0.56 0.13 98.15
0.06 0.06 0.44 99.44
2.27 5.30 0.82 91.61
3.65 6.04 0.91 89.40
3.56 6.11 0.85 89.48
4.12 6.23 0.94 88.70
2.89 6.20 0.91 89.99
3.12 5.89 0.82 90.18
2.11 5.57 0.85 91.47
3.21 5.70 0.85 90.24
0.72 5.44 0.88 92.95
1.10 5.27 0.88 92.75
0.60 5.39 0.85 93.16
1.86 5.54 0.85 91.75
1.83 5.57 0.76 91.85
1.86 5.63 0.82 91.70
1.35 5.63 0.88 92.13
2.52 5.63 0.88 90.97
2.42 5.70 0.85 91.03
1.70 5.73 0.82 91.75
0.98 5.67 0.79 92.57
1.07 5.82 0.82 92.29
1.60 5.91 0.79 91.70
0.53 5.85 0.88 92.74
1.29 5.82 0.82 92.07
2.30 5.94 0.85 90.91
2.17 6.07 0.82 90.95
0.60 6.10 0.79 92.52
0.31 5.88 0.82 92.98
0.00 5.83 0.85 93.32
2.20 5.86 0.82 91.12
0.13 5.85 0.85 93.17
0.85 5.95 0.82 92.38
0.16 5.82 0.85 93.17
1.54 5.82 0.91 91.72
2.49 5.91 0.85 90.75
2.58 5.91 0.85 90.66
2.83 5.94 0.88 90.35
2.58 5.95 0.79 90.69
2.55 6.04 0.75 90.66
0.69 5.98 0.85 92.48
1.19 5.97 0.79 92.05
2.04 6.10 0.82 91.03
0.38 5.89 0.82 92.91
1.39 5.77 0.85 92.00
0.19 5.70 0.88 93.23
2.01 5.88 0.85 91.25
2.83 5.98 0.76 90.43
