iowait system user idle 
0.02 0.10 0.23 99.65
0.53 1.53 29.78 68.16
0.00 2.53 50.61 46.86
0.00 17.06 50.66 32.28
0.00 27.32 50.70 21.98
0.00 27.23 50.83 21.94
0.00 27.23 50.80 21.98
0.00 27.30 51.16 21.54
0.00 27.38 50.67 21.94
0.00 27.35 50.67 21.98
0.00 27.35 50.67 21.98
0.00 27.32 50.70 21.98
0.00 27.29 50.77 21.94
0.00 27.23 50.80 21.98
0.00 27.36 50.72 21.92
0.00 21.06 37.78 41.16
0.00 2.59 0.56 96.84
0.97 1.22 0.34 97.47
0.91 0.03 0.13 98.94
0.00 0.00 0.00 100.00
