iowait system user idle 
0.06 0.19 0.06 99.68
1.57 0.75 0.19 97.50
0.91 0.09 0.44 98.56
0.97 0.44 0.06 98.53
5.19 6.97 0.95 86.89
4.14 6.16 0.92 88.79
4.01 5.74 0.95 89.30
4.57 5.87 0.91 88.65
3.16 5.74 0.88 90.21
4.52 5.81 0.82 88.85
4.41 5.96 0.85 88.78
4.29 5.62 0.95 89.14
3.85 5.90 0.91 89.34
5.64 5.86 0.95 87.55
2.74 5.71 0.85 90.70
2.37 5.65 1.45 90.53
3.03 5.90 0.85 90.22
2.24 5.65 0.88 91.23
2.08 5.80 0.95 91.17
2.53 5.69 0.85 90.93
1.58 6.05 0.88 91.49
1.61 5.87 0.88 91.64
2.15 5.81 0.85 91.20
2.40 5.81 0.85 90.93
2.40 5.83 0.88 90.89
2.15 5.90 0.85 91.10
2.18 5.87 0.88 91.06
1.99 5.96 0.82 91.23
1.96 5.83 0.91 91.30
2.05 5.56 0.85 91.53
2.49 5.99 0.82 90.70
2.05 5.81 0.85 91.28
1.70 6.11 0.85 91.33
2.05 6.03 0.85 91.07
2.05 6.03 0.82 91.10
2.65 5.93 0.85 90.57
2.40 6.00 0.88 90.72
1.74 5.87 0.85 91.55
2.43 6.06 0.79 90.72
1.52 5.81 0.92 91.76
2.27 5.99 0.85 90.88
2.37 5.87 0.88 90.89
1.73 6.23 0.82 91.22
2.34 5.84 0.92 90.90
1.48 5.93 0.88 91.71
2.43 6.21 0.91 90.45
2.33 5.96 0.91 90.80
1.89 6.00 0.95 91.16
2.05 5.93 0.95 91.07
1.99 5.91 0.85 91.25
1.80 6.09 0.88 91.23
1.83 6.03 0.82 91.32
1.92 6.15 0.98 90.95
1.89 6.21 0.82 91.08
1.61 6.00 0.79 91.60
2.68 6.12 0.82 90.38
1.86 6.15 0.76 91.23
2.37 6.00 0.88 90.75
2.43 5.94 0.88 90.75
2.33 6.15 0.82 90.69
2.65 6.05 0.88 90.42
2.49 6.09 0.88 90.53
2.21 6.06 0.88 90.85
1.99 6.15 0.82 91.04
2.90 5.67 0.95 90.48
