iowait system user idle 
0.08 0.50 0.07 99.35
0.13 0.03 0.00 99.84
1.31 0.03 0.03 98.62
0.03 0.03 0.00 99.94
0.53 0.59 0.13 98.75
1.72 1.56 0.00 96.71
1.28 0.69 0.66 97.37
1.28 1.19 0.34 97.18
0.03 32.36 0.76 66.86
0.00 28.17 0.97 70.86
0.00 28.10 0.94 70.96
0.00 28.00 0.88 71.12
0.00 28.04 0.81 71.15
0.00 27.98 0.88 71.14
0.00 28.08 0.85 71.07
0.00 28.07 0.94 70.99
0.00 28.01 0.85 71.14
0.00 28.09 0.81 71.10
0.00 28.07 0.88 71.06
0.19 28.01 0.88 70.93
0.00 28.12 0.85 71.03
0.00 28.10 0.81 71.09
0.00 27.94 0.91 71.15
0.00 28.08 0.81 71.11
0.00 28.36 0.78 70.86
0.00 28.15 0.81 71.04
0.00 28.12 0.81 71.07
0.00 28.10 0.78 71.12
0.00 28.10 0.84 71.06
0.00 28.07 0.91 71.02
0.00 28.12 0.84 71.03
0.00 28.15 0.91 70.94
0.00 28.07 0.88 71.06
0.00 28.04 0.94 71.02
0.00 28.04 0.81 71.14
0.00 28.00 0.91 71.09
0.00 28.11 0.91 70.98
0.00 28.01 0.85 71.14
0.00 28.04 1.47 70.49
0.00 28.10 0.84 71.06
0.00 28.06 0.84 71.10
0.00 28.11 0.81 71.08
