iowait system user idle 
1.33 3.06 1.53 94.08
0.88 0.38 0.03 98.72
0.13 0.59 0.03 99.25
2.31 0.22 0.25 97.22
2.04 0.69 0.13 97.15
3.97 4.04 0.79 91.20
3.52 4.09 0.79 91.61
2.64 4.02 0.69 92.65
1.63 3.92 0.85 93.60
2.20 3.71 0.88 93.21
3.55 3.87 0.72 91.86
3.43 3.77 0.91 91.89
0.57 3.83 0.72 94.88
0.82 3.93 0.72 94.54
1.54 3.93 0.66 93.87
0.72 3.90 0.72 94.66
0.88 3.90 0.69 94.53
0.63 3.89 0.72 94.76
1.04 3.74 0.85 94.37
1.01 3.86 0.75 94.38
1.79 3.71 0.79 93.71
2.10 3.93 0.72 93.25
2.07 3.86 0.75 93.31
1.57 3.89 0.79 93.75
2.17 3.84 0.66 93.33
2.20 3.93 0.72 93.15
2.36 3.87 0.72 93.05
1.76 3.86 0.82 93.56
1.48 4.08 0.63 93.81
0.41 3.93 0.69 94.97
1.13 3.90 0.72 94.25
1.19 3.93 0.69 94.19
0.88 3.89 0.75 94.47
0.78 4.11 0.69 94.42
0.63 3.81 0.75 94.81
1.38 3.83 0.82 93.97
3.17 3.95 0.78 92.09
2.73 3.99 0.75 92.53
2.92 3.80 0.88 92.40
2.58 3.87 0.75 92.80
2.92 3.96 0.72 92.40
2.67 3.93 0.75 92.65
1.41 3.95 0.75 93.88
1.19 3.93 0.72 94.16
2.11 3.87 0.79 93.24
1.48 3.93 0.75 93.84
0.82 3.93 1.32 93.93
2.76 3.86 0.75 92.62
3.20 3.95 0.78 92.06
0.50 3.90 0.72 94.88
0.47 3.90 0.72 94.91
1.41 3.80 0.79 94.00
0.97 3.86 0.79 94.38
0.97 3.80 0.82 94.41
0.97 3.93 0.79 94.31
0.63 3.89 0.78 94.69
1.51 3.84 0.79 93.87
0.82 3.83 0.82 94.53
0.82 3.87 0.60 94.71
1.67 3.87 0.75 93.71
0.85 3.86 0.82 94.47
1.32 3.95 0.78 93.94
1.54 3.87 0.69 93.90
2.89 3.81 0.69 92.61
1.45 3.83 0.82 93.91
1.07 3.70 0.72 94.51
