iowait system user idle 
0.04 0.09 0.05 99.82
0.97 0.63 0.16 98.25
0.38 1.16 0.06 98.40
3.31 0.09 0.41 96.19
3.17 2.70 0.44 93.70
3.09 5.77 0.82 90.31
3.66 5.08 0.91 90.35
3.75 5.32 0.79 90.14
0.60 5.33 0.88 93.19
0.13 5.38 0.94 93.55
0.66 5.67 0.88 92.79
2.27 5.58 0.82 91.33
2.74 5.26 0.98 91.03
2.36 5.57 0.82 91.25
2.67 5.63 0.82 90.89
2.49 5.60 0.85 91.07
2.42 5.50 0.88 91.19
2.55 5.51 0.79 91.15
2.77 5.63 0.85 90.75
2.87 5.64 0.79 90.71
2.68 5.70 0.85 90.77
2.55 5.39 0.85 91.21
1.76 5.36 0.91 91.96
2.30 5.51 0.88 91.32
2.64 5.57 0.76 91.03
2.55 5.57 0.79 91.09
2.68 5.60 0.79 90.93
2.55 5.60 0.79 91.06
2.49 5.39 0.88 91.24
2.58 5.54 0.88 91.00
2.70 5.56 0.94 90.79
2.52 5.42 0.88 91.18
2.80 5.60 0.85 90.75
2.52 5.48 0.85 91.15
2.89 3.67 0.72 92.72
