iowait system user idle 
1.24 3.10 1.39 94.26
1.44 0.41 0.06 98.09
0.41 0.56 0.00 99.03
4.22 0.22 0.03 95.53
4.00 0.03 0.25 95.72
4.22 3.40 0.66 91.72
4.02 4.12 0.79 91.07
4.24 3.96 0.75 91.05
3.30 3.96 0.72 92.02
3.74 3.83 0.82 91.61
4.47 3.84 0.72 90.97
3.30 3.92 0.78 92.00
2.17 3.89 0.78 93.16
1.07 3.83 0.69 94.41
1.60 4.01 0.72 93.67
2.04 3.77 0.72 93.46
1.48 3.80 0.79 93.94
1.41 3.86 0.72 94.01
1.63 3.83 0.72 93.81
2.20 3.80 0.69 93.30
1.29 3.86 0.69 94.16
2.01 3.92 0.72 93.34
0.72 3.83 1.32 94.13
1.60 3.92 0.72 93.75
2.32 3.89 0.82 92.97
2.64 3.80 0.72 92.84
2.04 3.74 0.79 93.43
1.95 3.93 0.66 93.47
0.91 3.89 0.66 94.54
1.54 3.80 0.79 93.88
1.57 3.83 0.72 93.87
2.54 3.80 0.82 92.84
1.41 3.80 0.85 93.94
2.39 3.86 0.72 93.03
2.67 3.80 0.78 92.75
1.38 3.95 0.75 93.91
0.91 3.77 0.82 94.51
2.82 3.98 0.69 92.50
0.94 3.89 0.69 94.47
0.91 3.84 0.69 94.56
1.79 3.83 0.72 93.65
2.92 3.95 0.69 92.44
0.57 3.80 0.72 94.91
0.91 3.80 0.72 94.56
1.66 3.86 0.75 93.72
0.82 3.95 0.72 94.51
1.38 3.89 0.75 93.98
1.32 3.92 0.72 94.03
0.66 3.90 0.69 94.75
2.07 3.86 0.82 93.25
1.73 3.87 0.72 93.68
3.27 3.74 0.82 92.18
0.97 3.87 0.72 94.44
0.91 3.92 0.75 94.41
1.00 3.89 0.78 94.32
1.19 3.86 0.75 94.19
0.63 3.98 0.75 94.64
0.82 3.92 0.69 94.57
3.23 3.86 0.79 92.12
4.15 3.78 0.72 91.35
4.96 3.98 0.75 90.31
3.80 3.96 0.78 91.46
4.49 3.89 0.75 90.86
4.08 12.47 3.27 80.18
4.65 3.93 0.69 90.73
2.80 3.84 0.75 92.61
4.36 3.95 0.75 90.93
4.39 4.11 0.72 90.78
3.93 3.93 0.75 91.39
3.77 3.89 0.82 91.52
3.96 3.96 0.79 91.30
