iowait system user idle 
0.05 0.14 0.05 99.76
1.28 0.75 0.19 97.78
4.72 0.13 0.41 94.75
4.71 1.51 0.19 93.59
4.88 6.81 0.95 87.37
4.23 6.13 1.01 88.63
4.67 6.06 0.88 88.39
3.63 6.00 0.92 89.45
3.15 5.90 0.98 89.97
4.17 6.00 0.88 88.96
4.99 5.56 1.52 87.93
4.26 5.84 0.95 88.95
1.64 5.80 0.95 91.61
2.05 5.78 0.92 91.25
2.40 5.93 0.85 90.81
2.37 5.59 0.88 91.15
1.17 6.12 0.76 91.96
1.51 6.02 0.85 91.61
1.61 6.05 0.88 91.46
1.99 5.90 0.95 91.17
1.80 5.87 0.98 91.35
1.64 5.84 0.91 91.61
1.55 6.00 0.82 91.64
2.59 5.87 0.79 90.75
2.43 6.03 0.76 90.79
1.29 5.93 0.91 91.87
1.32 6.11 0.85 91.71
2.11 5.93 0.82 91.13
1.99 5.93 0.92 91.16
1.80 5.90 0.88 91.42
1.42 5.84 0.82 91.91
1.14 5.93 0.92 92.02
2.15 5.69 0.85 91.31
2.02 5.84 0.79 91.35
1.99 6.03 0.79 91.19
1.70 5.90 0.88 91.51
2.15 5.78 0.92 91.16
1.77 5.93 0.91 91.39
1.92 5.96 0.85 91.26
2.17 6.08 0.88 90.86
1.70 5.90 0.88 91.51
1.55 5.97 0.82 91.67
1.92 5.87 0.95 91.26
2.43 5.91 0.85 90.81
1.96 6.09 0.92 91.04
1.70 6.02 0.98 91.30
2.39 6.17 0.94 90.49
1.64 6.12 0.92 91.32
1.67 6.12 0.88 91.33
1.77 6.25 0.79 91.20
2.21 6.21 0.82 90.76
1.92 6.27 0.82 90.99
1.70 5.93 0.92 91.45
2.15 6.12 0.88 90.85
2.43 6.09 0.91 90.57
1.51 6.12 0.95 91.42
2.56 5.91 0.85 90.68
1.54 6.05 0.91 91.49
1.51 5.99 0.98 91.52
1.90 6.04 0.76 91.31
2.08 6.18 0.88 90.85
