iowait system user idle 
0.09 0.60 0.08 99.24
1.16 0.03 0.00 98.81
0.22 0.03 0.00 99.75
0.94 0.03 0.03 99.00
1.19 0.44 0.16 98.22
0.59 0.09 0.03 99.28
2.25 0.66 0.81 96.28
0.94 12.24 0.35 86.47
0.00 29.99 0.79 69.22
0.00 30.49 0.85 68.66
0.00 29.93 0.94 69.13
0.09 29.83 0.78 69.29
0.00 30.12 0.78 69.10
0.00 30.33 0.91 68.76
0.00 29.77 0.85 69.39
0.00 30.37 0.82 68.81
0.00 29.82 0.82 69.37
0.00 29.73 0.85 69.43
0.00 29.96 0.85 69.20
0.00 30.15 0.88 68.97
0.00 30.49 0.85 68.66
0.00 30.12 0.81 69.07
0.00 30.02 0.85 69.13
0.00 31.02 0.82 68.16
0.00 29.73 0.88 69.39
0.00 30.16 0.88 68.97
0.00 29.90 0.88 69.22
0.00 30.35 0.78 68.86
0.00 30.04 0.75 69.21
0.00 30.28 0.81 68.90
0.00 30.25 0.88 68.87
0.00 30.73 0.85 68.42
0.00 30.16 0.94 68.90
0.03 30.52 0.88 68.57
0.00 30.16 0.91 68.93
0.00 30.04 0.88 69.08
0.00 30.25 0.82 68.93
0.00 29.57 0.88 69.55
0.00 30.32 0.82 68.86
0.00 30.25 0.88 68.87
0.00 29.83 0.75 69.42
0.00 30.26 0.91 68.83
0.00 30.11 0.88 69.02
0.00 30.46 0.79 68.75
0.03 30.04 0.82 69.11
0.00 29.72 0.85 69.44
0.00 29.57 0.82 69.62
0.00 30.69 0.82 68.50
0.00 29.87 0.85 69.29
0.00 30.35 0.88 68.78
0.00 30.44 0.88 68.68
0.00 30.45 0.78 68.77
0.00 30.15 0.81 69.04
0.00 29.69 0.85 69.47
0.00 29.94 1.41 68.65
0.06 30.55 0.78 68.60
0.25 26.51 1.04 72.21
