iowait system user idle 
0.07 0.26 0.07 99.60
3.31 0.03 0.00 96.66
3.19 0.06 0.03 96.72
3.38 0.00 0.00 96.62
3.35 0.25 0.09 96.31
4.94 0.22 0.09 94.75
3.03 0.63 0.13 96.22
1.75 0.25 0.78 97.22
0.09 23.47 0.76 75.68
0.00 27.09 1.00 71.91
0.00 27.14 0.94 71.92
0.00 27.13 0.94 71.93
0.00 27.11 0.97 71.92
0.00 27.10 1.00 71.90
0.00 27.16 0.91 71.93
0.00 27.09 0.97 71.94
0.00 27.14 0.94 71.92
0.00 27.08 0.97 71.95
0.00 27.05 1.03 71.92
0.00 27.04 1.06 71.90
0.00 27.06 1.00 71.94
0.00 27.08 0.97 71.95
0.00 27.05 1.03 71.92
0.00 27.17 0.91 71.92
0.00 27.20 0.88 71.92
0.00 27.08 1.00 71.92
0.00 27.17 0.88 71.95
