iowait system user idle 
0.02 0.10 0.24 99.64
0.44 1.53 2.13 95.90
0.00 2.53 3.72 93.75
0.00 5.35 3.37 91.28
0.00 7.40 3.00 89.60
0.16 7.02 3.02 89.81
0.00 7.39 3.00 89.61
0.00 7.46 2.81 89.73
0.00 7.07 3.08 89.85
0.00 6.90 3.05 90.05
0.00 7.07 3.05 89.88
0.00 7.40 3.00 89.60
0.00 7.21 2.99 89.81
0.00 7.31 3.04 89.65
0.00 7.25 3.01 89.74
0.00 7.16 3.04 89.79
0.00 7.10 3.08 89.82
0.00 7.04 3.08 89.88
0.00 6.89 3.08 90.03
0.00 7.11 3.05 89.85
0.00 7.31 3.51 89.17
0.00 7.10 3.04 89.85
0.00 7.22 3.04 89.74
0.00 7.31 2.94 89.75
0.00 7.01 2.92 90.07
0.00 7.31 2.91 89.78
0.00 7.27 2.97 89.75
0.00 7.37 2.88 89.75
0.00 6.97 3.07 89.95
0.00 7.34 2.88 89.78
0.00 7.12 3.10 89.78
0.00 3.16 0.88 95.96
1.28 1.25 0.38 97.09
0.87 0.03 0.19 98.91
0.00 0.00 0.00 100.00
