iowait system user idle 
0.02 0.09 0.22 99.67
0.69 1.31 6.09 91.91
0.00 2.47 13.16 84.38
0.00 13.27 13.02 73.71
0.00 24.73 12.83 62.44
0.00 24.87 12.89 62.23
0.00 24.94 12.80 62.26
0.00 23.93 12.61 63.47
0.00 24.80 12.83 62.37
0.00 25.13 12.88 62.00
0.00 25.06 12.81 62.12
0.00 24.94 12.81 62.25
0.00 24.51 13.40 62.10
0.00 24.73 12.86 62.41
0.00 25.11 12.79 62.10
0.00 24.89 12.81 62.30
0.00 25.24 12.88 61.88
0.00 24.92 12.88 62.19
0.00 25.20 12.94 61.86
0.00 15.87 8.03 76.10
0.00 2.53 0.59 96.88
0.56 1.53 0.34 97.56
1.72 0.09 0.25 97.94
0.00 0.00 0.00 100.00
