iowait system user idle 
1.39 2.99 1.72 93.90
0.94 0.38 0.03 98.65
1.31 0.22 0.16 98.31
1.59 0.03 0.09 98.28
4.70 3.97 0.76 90.57
4.53 3.96 1.10 90.41
4.97 4.03 0.76 90.25
2.64 4.05 0.75 92.55
2.48 3.99 0.79 92.74
3.49 3.96 0.85 91.70
4.03 3.93 0.75 91.29
2.48 4.12 0.72 92.68
1.35 3.99 0.72 93.93
2.73 4.06 0.66 92.55
1.01 4.02 0.66 94.31
0.94 3.99 0.72 94.34
0.94 3.93 0.72 94.40
0.16 3.90 0.72 95.22
1.26 3.84 0.82 94.09
0.63 3.96 0.75 94.65
2.42 4.02 0.75 92.81
0.69 3.96 0.75 94.59
2.26 4.06 0.66 93.02
1.95 4.02 0.69 93.34
1.22 3.93 0.82 94.03
1.19 3.90 0.82 94.09
2.83 4.02 0.82 92.34
1.48 3.96 0.72 93.83
1.26 3.99 0.82 93.94
0.91 4.03 0.72 94.34
0.85 3.99 0.75 94.40
0.85 4.02 0.75 94.37
1.70 3.96 0.85 93.50
0.85 3.93 0.79 94.43
1.82 4.12 0.72 93.34
2.70 3.96 0.75 92.58
2.04 4.02 0.79 93.15
2.42 4.06 0.79 92.74
1.38 4.09 0.75 93.78
0.91 3.97 0.69 94.43
0.69 4.18 0.69 94.44
1.26 4.00 0.76 93.99
1.60 3.96 0.79 93.64
2.58 4.09 0.75 92.58
1.45 4.12 0.69 93.74
1.45 4.00 0.79 93.77
1.54 4.12 0.63 93.71
1.54 4.08 0.85 93.53
1.35 3.97 0.79 93.89
1.45 3.99 0.79 93.78
1.42 4.00 0.76 93.83
1.38 4.12 0.79 93.71
1.89 4.24 0.69 93.18
1.13 4.12 0.75 93.99
1.98 4.18 0.72 93.12
1.51 4.21 0.82 93.47
2.55 4.15 0.72 92.58
3.23 2.35 0.50 93.91
