iowait system user idle 
0.05 0.13 0.05 99.77
1.00 0.06 0.00 98.94
0.84 0.00 0.03 99.12
0.53 0.59 0.09 98.78
0.03 1.16 0.00 98.81
0.91 0.69 0.47 97.93
1.07 0.91 0.28 97.74
0.00 6.35 1.45 92.19
0.03 6.06 0.88 93.02
0.00 6.03 0.88 93.09
0.00 5.72 0.89 93.39
0.00 5.81 0.95 93.25
0.00 5.74 0.98 93.28
0.00 5.74 0.95 93.31
0.00 5.81 0.88 93.31
0.00 5.71 0.98 93.31
0.00 5.68 0.92 93.40
0.00 5.81 1.01 93.18
0.00 5.65 0.88 93.47
0.00 5.83 0.79 93.38
0.00 5.74 0.85 93.41
0.00 5.65 0.88 93.47
0.00 5.59 0.92 93.50
0.00 5.83 0.88 93.29
0.00 5.71 0.88 93.40
0.00 5.77 0.82 93.40
0.00 5.74 0.92 93.34
0.00 5.74 0.82 93.43
0.00 5.73 0.98 93.29
0.00 5.71 0.88 93.41
0.00 5.59 0.92 93.50
0.00 5.92 0.85 93.23
0.00 5.71 0.95 93.35
0.13 5.71 0.88 93.28
0.00 5.59 0.85 93.56
0.00 5.71 0.91 93.38
0.00 5.62 0.85 93.53
0.00 5.49 0.92 93.59
0.00 5.56 0.85 93.59
0.00 5.68 0.98 93.35
0.00 5.59 0.88 93.53
0.00 5.68 0.95 93.38
0.00 5.68 0.85 93.47
0.00 5.50 0.85 93.65
0.00 5.52 0.95 93.53
0.00 5.65 0.88 93.47
0.00 5.77 0.82 93.41
0.00 5.59 0.85 93.56
0.00 5.71 0.88 93.40
0.00 5.74 0.88 93.38
0.00 5.68 0.91 93.41
0.00 5.74 0.82 93.44
0.00 5.70 0.91 93.38
0.00 5.67 0.88 93.44
0.00 5.70 0.88 93.41
0.00 5.62 0.92 93.47
0.00 5.65 0.85 93.50
0.00 5.71 0.82 93.47
0.00 5.46 0.91 93.63
0.00 5.71 0.88 93.41
0.00 5.61 0.98 93.41
0.00 5.95 0.88 93.17
