iowait system user idle 
0.05 0.12 0.05 99.78
0.88 0.06 0.03 99.03
0.66 0.03 0.00 99.31
0.44 0.31 0.09 99.16
1.56 0.50 0.09 97.84
1.00 0.16 0.56 98.28
0.47 4.33 0.66 94.54
0.00 5.10 1.48 93.42
0.00 4.73 0.76 94.52
0.09 4.44 0.79 94.67
0.00 4.59 0.85 94.56
0.00 4.57 0.76 94.68
0.00 4.47 0.82 94.71
0.00 4.54 0.76 94.71
0.00 4.63 0.76 94.62
0.00 4.59 0.79 94.62
0.00 4.50 0.82 94.68
0.00 4.56 0.82 94.62
0.00 4.31 0.85 94.83
0.00 4.54 0.82 94.65
0.00 4.57 0.79 94.65
0.00 4.54 0.82 94.64
0.03 4.59 0.76 94.62
0.00 4.51 0.79 94.71
0.00 4.66 0.76 94.59
0.00 4.51 0.76 94.74
0.00 4.56 0.88 94.55
0.00 4.44 0.76 94.80
0.00 4.60 0.82 94.59
0.00 4.63 0.72 94.65
0.00 4.60 0.76 94.65
0.00 4.50 0.82 94.68
0.00 4.57 0.76 94.68
0.00 4.63 0.76 94.62
0.00 4.60 0.82 94.58
0.00 4.59 0.85 94.56
0.00 4.51 0.73 94.77
0.00 4.51 0.73 94.77
0.00 4.51 0.79 94.70
0.00 4.51 0.82 94.68
0.00 4.57 0.76 94.68
0.00 4.60 0.82 94.59
0.00 4.48 0.79 94.74
0.00 4.54 0.82 94.65
0.00 4.59 0.82 94.59
0.00 4.35 0.82 94.83
0.00 4.44 0.79 94.77
0.00 4.57 0.79 94.65
0.00 4.51 0.79 94.71
0.00 4.50 0.82 94.68
0.00 4.57 0.76 94.68
0.00 4.50 0.85 94.65
0.00 4.53 0.85 94.62
0.00 4.75 0.69 94.56
0.00 4.57 0.79 94.65
0.00 4.60 0.82 94.59
0.00 4.47 0.82 94.71
0.00 4.57 0.79 94.65
0.00 4.59 0.82 94.59
