iowait system user idle 
0.04 0.08 0.04 99.84
0.53 0.06 0.00 99.41
0.78 0.28 0.09 98.84
1.41 0.50 0.19 97.90
1.00 0.13 0.47 98.41
0.66 5.25 0.85 93.23
0.00 4.60 0.79 94.61
0.00 4.54 0.79 94.67
0.00 4.45 0.76 94.79
0.00 4.48 0.82 94.70
0.00 4.57 0.79 94.64
0.00 4.38 0.85 94.77
0.00 4.42 0.82 94.76
0.00 4.48 0.73 94.79
0.00 4.69 0.82 94.50
0.00 4.54 0.76 94.70
0.00 4.57 0.76 94.67
0.00 4.57 0.79 94.65
0.00 4.51 0.79 94.70
0.00 4.63 0.79 94.59
0.00 4.51 0.79 94.70
0.00 4.42 0.79 94.79
0.06 4.57 0.98 94.39
0.00 4.54 0.79 94.67
0.00 4.38 0.85 94.77
0.00 4.63 0.79 94.58
0.13 4.69 0.76 94.43
0.00 4.57 0.76 94.67
0.00 4.63 0.76 94.61
0.00 4.51 0.79 94.70
0.00 4.60 0.76 94.65
0.00 4.63 0.76 94.61
0.00 4.72 0.79 94.49
0.06 4.45 0.76 94.73
0.00 4.48 0.76 94.83
0.00 4.33 0.85 94.82
0.00 4.54 0.66 94.79
0.00 4.35 0.82 94.82
0.00 4.57 0.76 94.67
0.00 4.57 0.72 94.71
0.00 4.54 0.73 94.73
0.00 4.44 0.85 94.71
0.00 4.51 0.82 94.67
0.00 4.54 1.39 94.08
0.00 4.60 0.79 94.61
0.00 4.63 0.76 94.62
0.00 4.56 0.85 94.59
0.00 4.57 0.85 94.58
0.00 4.51 0.76 94.74
0.00 4.48 0.79 94.74
0.00 4.60 0.82 94.58
0.00 4.47 0.82 94.71
0.03 3.56 0.79 95.63
