iowait system user idle 
0.02 0.10 0.23 99.65
1.09 1.59 7.35 89.97
0.00 2.53 13.66 83.81
0.00 11.14 11.87 76.99
0.60 14.34 10.46 74.60
0.00 14.17 10.37 75.46
0.00 14.23 10.51 75.26
0.00 14.02 10.57 75.42
0.00 14.13 10.30 75.57
0.00 14.27 10.28 75.45
0.00 14.47 10.40 75.14
0.00 14.31 10.63 75.06
0.00 14.41 10.47 75.12
0.00 14.07 10.23 75.70
0.00 14.29 10.51 75.21
0.00 13.98 10.27 75.76
0.00 5.97 3.49 90.55
0.78 1.22 0.31 97.69
1.56 0.03 0.19 98.22
0.00 0.00 0.00 100.00
