iowait system user idle 
0.02 0.07 0.18 99.73
0.75 0.94 1.47 96.84
0.00 2.53 3.72 93.75
0.00 3.51 3.51 92.97
0.00 5.07 3.13 91.80
0.00 5.12 3.22 91.65
0.00 5.07 3.14 91.80
0.00 5.17 3.07 91.76
0.00 5.31 3.13 91.56
0.00 5.01 3.24 91.75
0.00 5.22 3.13 91.64
0.00 5.10 3.23 91.67
0.00 5.37 3.07 91.56
0.00 5.24 3.19 91.57
0.00 4.97 3.26 91.77
0.00 5.16 3.16 91.68
0.00 5.28 3.13 91.58
0.00 5.10 3.20 91.70
0.00 5.01 3.17 91.82
0.00 5.22 3.16 91.61
0.00 5.08 3.14 91.78
0.00 5.28 3.07 91.65
0.00 5.17 3.07 91.76
0.00 5.07 3.11 91.82
0.00 5.10 3.11 91.79
0.00 5.03 3.29 91.67
0.00 5.19 3.20 91.61
0.00 5.26 3.07 91.67
0.00 5.07 3.77 91.16
0.06 4.91 3.20 91.82
0.06 4.95 3.14 91.85
0.00 5.06 3.23 91.71
0.00 3.52 1.79 94.69
0.97 1.69 0.38 96.97
1.00 0.06 0.12 98.81
0.00 0.00 0.00 100.00
