iowait system user idle 
0.02 0.10 0.23 99.66
0.13 2.25 3.16 94.47
0.00 2.53 3.72 93.75
0.00 6.27 3.16 90.57
0.00 6.63 3.14 90.23
0.00 6.72 3.11 90.18
0.00 7.04 3.06 89.90
0.00 6.47 3.27 90.27
0.00 6.62 3.26 90.12
0.00 6.90 3.04 90.07
0.00 6.44 3.27 90.29
0.00 6.66 3.11 90.23
0.00 6.71 3.20 90.09
0.00 6.41 3.21 90.38
0.00 6.98 3.22 89.80
0.00 6.54 3.08 90.38
0.00 6.41 3.18 90.41
0.00 6.89 3.16 89.95
0.00 6.38 3.68 89.94
0.00 6.40 3.17 90.42
0.00 6.83 3.00 90.16
0.00 6.64 3.19 90.16
0.00 6.75 3.07 90.18
0.00 6.65 3.17 90.19
0.00 6.57 3.04 90.39
0.00 6.68 3.04 90.28
0.00 6.66 3.11 90.24
0.00 6.66 3.17 90.17
0.00 6.87 3.17 89.97
0.00 6.93 3.07 90.01
0.03 6.68 3.07 90.22
0.00 6.59 3.07 90.34
0.00 6.62 3.01 90.37
0.00 6.81 3.13 90.06
0.00 6.77 3.10 90.12
0.00 6.81 3.07 90.12
0.00 6.61 3.32 90.06
0.00 6.87 3.13 90.00
0.00 6.62 3.20 90.18
0.00 3.67 1.41 94.92
0.00 2.50 0.59 96.91
1.97 0.59 0.34 97.09
0.00 0.00 0.00 100.00
0.00 0.00 0.00 100.00
