iowait system user idle 
0.02 0.07 0.19 99.72
1.44 1.19 1.56 95.81
0.00 2.59 3.66 93.75
0.00 3.93 3.36 92.71
0.00 5.70 3.16 91.14
0.09 5.91 2.97 91.02
0.00 5.78 3.19 91.03
0.00 5.75 3.16 91.08
0.00 5.89 3.07 91.04
0.00 5.65 3.08 91.28
0.00 5.98 3.00 91.02
0.00 5.68 3.11 91.22
0.00 5.57 3.32 91.11
0.00 5.74 3.07 91.19
0.00 5.64 3.17 91.19
0.00 5.74 3.04 91.21
0.00 5.86 3.04 91.10
0.00 5.92 3.01 91.07
0.00 5.94 3.10 90.96
0.00 5.80 3.07 91.13
0.00 5.89 3.07 91.04
0.00 5.68 3.04 91.28
0.00 5.88 3.13 90.98
0.00 5.64 3.14 91.22
0.00 5.94 2.97 91.09
0.00 5.76 2.98 91.26
0.00 5.55 3.11 91.35
0.00 5.78 3.13 91.09
0.00 4.04 1.96 94.01
0.56 1.56 0.41 97.47
1.84 0.19 0.25 97.72
0.03 0.03 0.03 99.91
