iowait system user idle 
0.02 0.11 0.24 99.63
0.53 1.56 29.30 68.61
0.00 2.50 50.62 46.88
0.00 16.69 51.27 32.04
0.03 27.30 50.78 21.89
0.00 27.24 50.84 21.92
0.09 27.32 50.77 21.82
0.00 27.23 50.86 21.91
0.00 27.20 50.88 21.92
0.00 24.71 46.02 29.27
0.00 2.56 0.53 96.91
1.37 1.25 0.47 96.91
0.72 0.00 0.03 99.25
0.00 0.06 0.03 99.91
