iowait system user idle 
0.06 0.19 0.06 99.69
0.97 0.69 0.13 98.22
0.22 1.28 0.06 98.43
1.72 0.16 0.47 97.65
1.00 0.09 0.03 98.87
3.43 6.96 0.94 88.66
3.72 6.23 0.94 89.11
3.24 6.13 0.91 89.72
1.73 5.76 1.01 91.50
0.60 5.73 0.88 92.79
1.42 5.95 0.85 91.79
3.11 6.32 0.94 89.63
2.96 5.95 0.91 90.18
3.43 6.01 0.91 89.65
2.08 6.17 0.82 90.94
2.52 5.85 0.79 90.84
2.04 6.04 0.85 91.07
0.16 5.88 0.88 93.08
0.09 5.70 0.91 93.30
0.06 5.92 0.76 93.27
0.00 5.95 0.79 93.27
0.50 5.79 0.82 92.89
0.69 5.63 0.88 92.80
0.85 5.73 0.82 92.60
2.04 5.63 0.82 91.51
2.99 5.88 0.97 90.16
2.93 5.64 0.82 90.61
2.77 5.63 0.82 90.78
2.67 5.73 0.85 90.75
2.96 5.76 0.94 90.34
2.90 5.79 0.79 90.52
2.70 5.78 0.85 90.67
0.53 5.94 0.88 92.65
2.23 5.94 0.79 91.04
2.80 5.51 0.98 90.71
2.14 6.04 0.85 90.98
