iowait system user idle 
0.02 0.08 0.22 99.68
0.59 1.69 2.88 94.84
0.00 2.50 3.75 93.75
0.00 5.14 3.31 91.55
0.00 6.44 3.08 90.49
0.00 6.58 3.13 90.28
0.00 6.47 3.11 90.43
0.00 6.55 3.13 90.31
0.00 6.59 3.07 90.34
0.00 6.77 3.04 90.20
0.00 6.29 3.14 90.57
0.00 6.43 3.20 90.37
0.00 6.30 3.13 90.57
0.00 6.27 3.01 90.72
0.00 6.42 2.97 90.60
0.00 6.21 3.11 90.68
0.00 6.52 3.13 90.35
0.00 6.59 3.10 90.31
0.00 6.43 3.11 90.46
0.00 6.28 3.07 90.65
0.00 6.30 3.23 90.47
0.00 6.48 3.16 90.35
0.00 6.62 3.07 90.31
0.00 6.68 2.98 90.34
0.00 6.83 2.94 90.22
0.00 6.41 3.11 90.49
0.00 6.56 3.11 90.34
0.00 6.85 3.10 90.05
0.00 6.61 3.07 90.33
0.00 6.42 3.10 90.47
0.00 6.49 3.07 90.43
0.00 6.26 3.08 90.66
0.00 6.41 3.11 90.49
0.00 6.54 3.05 90.42
0.00 6.55 3.17 90.28
0.00 6.64 3.10 90.26
0.00 6.65 3.04 90.30
0.00 6.74 3.10 90.16
0.00 6.58 3.10 90.31
0.00 6.50 3.08 90.42
0.00 6.49 3.20 90.31
0.00 6.29 3.14 90.57
0.00 6.54 3.01 90.45
0.00 6.71 2.98 90.31
0.00 6.71 2.97 90.32
0.00 6.49 3.14 90.37
0.00 6.59 3.20 90.21
0.00 6.25 3.43 90.32
0.00 4.47 1.76 93.77
0.00 2.53 0.59 96.88
1.34 1.13 0.44 97.09
0.56 0.03 0.03 99.38
0.00 0.00 0.00 100.00
