iowait system user idle 
0.07 0.22 0.06 99.65
0.72 0.03 0.00 99.25
1.28 0.03 0.03 98.66
1.13 0.03 0.00 98.84
1.91 0.31 0.06 97.72
0.44 0.38 0.09 99.09
0.88 0.19 0.59 98.34
0.98 3.43 0.57 95.02
0.00 5.11 0.82 94.08
0.00 4.69 0.88 94.43
0.00 4.66 0.69 94.65
0.00 4.47 0.79 94.74
0.00 4.59 0.79 94.62
0.00 4.56 0.75 94.68
0.00 4.50 0.79 94.72
0.00 4.47 0.85 94.68
0.00 4.59 0.79 94.62
0.00 4.62 0.72 94.65
0.00 4.65 0.72 94.62
0.00 4.62 0.69 94.69
0.00 4.50 1.32 94.17
0.13 4.59 0.82 94.47
0.19 4.50 0.85 94.47
0.00 4.59 0.79 94.63
0.00 4.78 0.72 94.50
0.00 4.53 0.75 94.72
0.00 4.71 0.72 94.56
0.00 4.68 0.75 94.56
0.00 4.59 0.82 94.59
0.00 4.47 0.82 94.71
0.00 4.56 0.79 94.65
0.00 4.53 0.88 94.59
0.00 4.66 0.72 94.62
0.00 4.44 0.72 94.84
0.00 4.47 0.85 94.69
0.00 4.63 0.66 94.71
0.00 4.44 0.82 94.75
0.00 4.50 0.79 94.71
0.06 4.62 0.72 94.59
0.00 4.47 0.79 94.74
0.00 4.68 0.72 94.59
0.00 4.75 0.69 94.56
0.00 4.53 0.85 94.63
0.00 4.59 0.72 94.69
0.00 4.41 0.82 94.77
0.00 4.53 0.88 94.59
0.00 4.56 0.72 94.71
0.00 4.50 0.76 94.74
0.00 4.31 0.82 94.87
0.00 4.59 0.79 94.62
0.00 4.74 0.82 94.44
0.00 4.59 0.85 94.56
0.00 4.65 0.79 94.56
0.00 4.44 0.91 94.65
0.00 4.56 0.82 94.62
0.00 4.47 0.79 94.75
0.00 4.65 0.79 94.56
0.00 4.63 0.76 94.62
0.00 4.65 0.75 94.59
0.00 4.68 0.85 94.47
0.00 4.59 0.85 94.56
0.00 4.62 0.75 94.62
0.00 4.47 0.79 94.75
0.00 4.56 0.79 94.65
0.00 4.47 0.79 94.75
0.00 4.57 0.72 94.71
0.00 4.44 0.79 94.77
0.00 4.47 0.85 94.68
0.00 4.62 0.79 94.59
0.00 4.56 0.82 94.62
0.00 4.47 0.79 94.74
0.00 4.41 0.79 94.81
0.00 4.66 0.76 94.59
