iowait system user idle 
0.08 0.39 0.07 99.46
1.03 1.03 0.16 97.78
2.29 1.28 0.16 96.27
1.03 0.09 0.50 98.38
1.92 9.97 0.31 87.79
4.93 30.44 0.85 63.78
4.92 30.40 0.85 63.83
3.98 30.59 0.88 64.54
2.61 30.27 0.91 66.22
3.86 30.56 0.88 64.70
4.17 30.13 0.72 64.99
3.64 29.59 0.85 65.92
4.36 29.98 0.91 64.75
4.48 29.80 0.91 64.81
2.01 30.29 0.78 66.92
1.88 30.40 0.81 66.91
1.97 29.73 0.88 67.42
2.19 29.95 0.81 67.04
1.92 29.85 0.85 67.39
1.82 30.35 0.85 66.98
1.85 29.83 0.85 67.47
1.47 29.87 0.91 67.75
1.79 29.94 0.85 67.43
1.91 30.16 0.82 67.11
2.20 30.27 0.91 66.62
2.04 30.03 0.88 67.06
1.91 30.00 0.75 67.34
2.10 30.09 0.82 66.99
2.01 29.79 0.81 67.39
2.48 29.66 0.82 67.05
2.79 29.70 0.88 66.64
1.85 29.71 0.91 67.53
1.72 30.22 0.78 67.27
1.91 30.01 0.82 67.26
1.79 29.88 0.85 67.48
2.10 29.03 0.88 67.99
1.38 29.38 0.88 68.36
1.72 29.87 0.78 67.62
2.23 29.79 0.94 67.04
2.32 29.49 0.85 67.35
2.13 29.30 0.85 67.72
1.66 29.53 0.78 68.03
2.04 29.62 0.82 67.52
1.60 29.96 0.85 67.60
1.69 29.87 0.78 67.66
1.94 30.05 0.88 67.13
2.17 29.98 0.85 67.00
1.32 30.13 0.75 67.80
2.01 29.97 0.85 67.18
2.32 29.61 0.97 67.11
2.23 29.83 0.81 67.13
2.04 29.35 1.41 67.20
1.63 30.01 0.85 67.51
