iowait system user idle 
0.06 0.15 0.06 99.74
1.32 0.75 0.16 97.78
3.35 0.09 0.44 96.12
4.06 1.13 0.19 94.62
5.13 6.75 0.92 87.19
4.99 6.16 1.01 87.84
4.07 6.21 0.85 88.86
4.58 5.77 1.01 88.64
3.92 5.84 0.88 89.36
4.38 5.86 0.95 88.81
4.23 5.75 0.95 89.07
1.61 5.87 0.95 91.58
1.70 5.99 0.88 91.43
2.24 6.00 0.73 91.04
2.11 5.87 0.91 91.11
2.37 5.90 0.82 90.91
2.05 5.82 0.85 91.28
1.77 5.81 0.82 91.60
1.48 5.80 0.98 91.74
1.17 5.92 0.88 92.03
1.87 5.66 0.89 91.59
1.92 5.83 0.88 91.36
2.24 5.80 0.91 91.04
1.48 5.71 0.92 91.89
2.21 5.85 0.79 91.15
1.70 6.05 0.79 91.46
2.05 6.03 0.82 91.10
2.34 6.00 0.88 90.79
1.36 5.77 0.85 92.02
1.17 5.72 0.88 92.23
2.43 5.87 0.91 90.79
2.24 5.87 0.79 91.10
2.46 5.81 0.82 90.91
2.11 6.02 0.88 90.98
2.02 5.90 0.91 91.17
2.71 5.93 1.26 90.09
2.05 5.90 0.85 91.20
1.58 5.91 0.76 91.75
2.49 5.96 0.85 90.69
2.40 5.96 0.79 90.85
2.53 6.00 0.88 90.59
1.74 5.96 0.88 91.42
1.83 5.90 0.95 91.32
1.77 5.88 0.82 91.53
1.86 6.02 0.82 91.30
1.67 5.86 0.98 91.49
2.37 5.96 0.88 90.79
2.21 5.90 0.95 90.95
2.78 5.96 0.88 90.38
1.80 5.96 0.88 91.36
1.55 5.84 0.85 91.76
1.89 5.90 0.79 91.41
2.15 6.09 0.79 90.98
1.99 5.84 0.92 91.26
1.89 6.00 0.82 91.29
1.70 5.96 0.88 91.45
1.80 6.06 1.42 90.72
2.40 5.93 0.88 90.79
2.21 6.05 0.82 90.92
1.74 5.84 0.85 91.57
1.76 6.14 0.85 91.24
2.40 5.69 0.88 91.03
1.96 6.05 0.79 91.20
1.92 6.11 0.85 91.11
2.27 6.03 0.88 90.82
2.24 5.04 0.85 91.87
