iowait system user idle 
0.08 0.46 0.07 99.39
0.56 0.00 0.03 99.41
0.28 0.06 0.00 99.66
0.53 0.00 0.00 99.47
1.44 0.44 0.09 98.03
1.56 0.09 0.03 98.31
1.09 0.63 0.53 97.75
1.54 4.05 0.41 94.00
0.00 27.18 1.42 71.40
0.00 27.20 0.94 71.86
0.00 27.24 0.88 71.88
0.00 27.31 0.84 71.85
0.00 27.23 0.97 71.80
0.00 27.20 0.97 71.83
0.00 27.17 0.97 71.86
0.00 27.24 0.94 71.83
0.00 27.39 0.78 71.83
0.00 27.30 0.91 71.79
0.00 27.37 0.78 71.85
0.00 27.24 1.03 71.73
0.00 27.32 0.88 71.81
0.00 27.24 0.94 71.83
0.00 27.34 0.91 71.75
0.00 27.33 0.84 71.83
0.00 27.32 0.88 71.80
0.00 27.33 0.88 71.79
0.00 27.24 0.91 71.86
0.00 27.35 0.81 71.84
0.00 27.27 0.88 71.86
0.00 27.28 0.84 71.87
0.00 27.19 0.91 71.90
0.00 27.30 0.88 71.83
