iowait system user idle 
0.08 0.54 0.08 99.30
3.31 0.06 0.00 96.62
3.32 0.00 0.00 96.68
3.41 0.28 0.13 96.19
3.85 0.22 0.00 95.93
3.44 0.63 0.13 95.81
1.72 0.25 0.78 97.25
0.45 13.03 0.73 85.79
0.00 24.06 0.91 75.03
0.00 25.78 0.97 73.25
0.00 26.19 0.88 72.93
0.00 26.20 0.88 72.92
0.00 26.41 0.88 72.72
0.00 26.34 0.85 72.81
0.00 26.36 0.85 72.80
0.00 26.44 0.78 72.78
0.00 26.28 0.91 72.82
0.00 26.02 0.75 73.23
0.00 26.48 0.81 72.70
0.00 26.38 0.91 72.71
0.00 26.25 0.85 72.91
0.00 26.33 0.88 72.80
0.00 26.28 0.82 72.91
0.00 26.28 0.88 72.84
0.00 26.21 0.82 72.98
0.00 26.44 0.85 72.71
0.00 26.81 0.81 72.37
0.19 26.46 0.81 72.54
0.00 26.38 0.81 72.81
0.00 26.38 0.85 72.78
0.00 26.17 0.81 73.02
0.00 26.07 0.94 72.98
0.00 26.10 0.78 73.12
0.00 26.51 0.78 72.70
0.00 26.35 0.81 72.84
0.00 26.30 0.91 72.79
0.00 25.90 0.91 73.19
0.00 26.29 0.78 72.93
0.00 26.26 0.88 72.86
0.00 26.19 1.51 72.30
0.00 26.22 0.91 72.88
