iowait system user idle 
0.02 0.08 0.21 99.70
1.44 0.88 3.91 93.78
0.00 2.50 13.12 84.38
0.00 5.44 11.86 82.69
0.00 12.55 9.13 78.31
0.00 12.45 9.06 78.49
0.00 12.56 8.95 78.48
0.00 12.56 9.02 78.42
0.00 12.73 8.83 78.45
0.00 12.44 8.77 78.79
0.00 12.46 8.65 78.90
0.00 12.36 9.11 78.53
0.00 13.00 8.96 78.04
0.00 11.66 8.18 80.16
0.00 2.47 0.66 96.88
0.50 1.87 0.44 97.19
2.50 0.13 0.84 96.53
0.97 0.06 0.03 98.94
