iowait system user idle 
0.08 0.38 0.07 99.48
0.50 0.03 0.00 99.47
0.59 0.03 0.00 99.37
0.72 0.03 0.06 99.19
0.63 0.59 0.13 98.65
2.50 1.09 0.00 96.40
1.78 0.53 0.13 97.56
1.88 0.22 0.72 97.18
0.19 31.02 0.57 68.22
0.00 31.22 0.81 67.96
0.00 31.44 0.88 67.68
0.00 32.34 0.88 66.78
0.06 30.21 0.85 68.88
0.00 31.77 0.85 67.39
0.00 30.95 0.85 68.20
0.00 31.85 0.82 67.34
0.00 31.01 0.78 68.20
0.00 31.42 0.81 67.76
0.00 32.08 0.81 67.11
0.00 31.11 0.94 67.95
0.00 30.52 0.88 68.60
0.00 31.09 0.81 68.10
0.00 30.95 0.85 68.20
0.00 31.36 0.78 67.86
0.00 31.06 0.75 68.18
0.00 31.19 0.82 67.99
0.00 31.30 0.78 67.92
0.16 31.14 0.88 67.83
0.00 30.73 0.94 68.33
0.00 31.22 0.78 67.99
0.00 30.67 0.82 68.52
0.00 31.23 0.75 68.01
0.00 30.73 0.91 68.36
0.09 31.07 0.88 67.95
0.00 31.25 0.91 67.84
0.00 31.79 0.78 67.43
0.00 31.10 0.91 67.99
0.00 32.08 0.85 67.07
0.06 30.22 0.78 68.93
0.00 31.94 0.78 67.27
0.00 31.16 0.85 67.99
0.00 30.16 0.78 69.06
0.00 31.64 0.91 67.45
0.00 31.17 0.97 67.86
0.00 31.58 0.78 67.64
0.00 30.91 0.88 68.21
0.00 30.65 0.78 68.57
0.00 31.07 0.85 68.09
0.00 31.29 0.91 67.80
0.00 31.53 0.88 67.60
0.00 30.40 0.91 68.69
0.00 30.30 0.91 68.79
0.00 30.87 1.38 67.75
0.00 31.48 0.78 67.73
0.00 30.65 0.91 68.44
0.00 31.40 0.78 67.82
0.00 31.51 0.88 67.62
0.00 30.96 0.94 68.10
