iowait system user idle 
0.07 0.30 0.07 99.57
1.38 0.50 0.16 97.97
2.38 0.63 0.56 96.44
1.22 0.06 0.13 98.59
4.47 20.94 1.11 73.48
4.50 23.98 1.20 70.32
4.60 23.61 1.01 70.78
3.29 23.24 1.11 72.36
2.70 24.17 1.07 72.06
1.83 23.85 1.10 73.22
2.45 24.51 0.88 72.16
1.79 24.06 1.16 72.98
2.89 24.06 1.07 71.98
1.98 24.03 1.13 72.85
2.05 23.53 1.45 72.97
1.61 23.74 1.07 73.58
1.86 23.76 1.13 73.25
1.54 23.79 1.01 73.66
1.77 23.68 1.01 73.55
1.54 23.38 1.07 74.00
1.79 24.06 1.01 73.14
1.57 23.61 1.07 73.75
1.89 24.04 1.10 72.97
1.95 14.54 0.88 82.64
