iowait system user idle 
2.39 2.34 1.00 94.27
0.78 0.03 0.00 99.19
0.78 0.03 0.00 99.19
1.81 0.38 0.03 97.78
1.41 0.25 0.28 98.06
0.78 1.32 0.28 97.62
0.00 4.03 0.69 95.28
0.00 3.74 0.82 95.44
0.00 3.80 0.69 95.50
0.00 3.80 0.75 95.45
0.00 3.71 0.69 95.60
0.00 3.71 0.75 95.54
0.00 3.77 0.66 95.57
0.00 3.68 0.79 95.53
0.00 3.68 0.72 95.60
0.00 3.68 0.79 95.54
0.00 3.86 0.66 95.48
0.00 3.74 0.72 95.54
0.00 3.86 0.75 95.38
0.00 3.68 0.79 95.54
0.00 3.74 0.79 95.47
0.00 3.74 0.82 95.44
0.00 3.74 0.72 95.53
0.00 3.83 0.63 95.54
0.00 3.77 0.69 95.54
0.00 3.62 0.82 95.57
0.00 3.74 0.72 95.54
0.00 3.59 0.76 95.66
0.00 3.80 0.66 95.54
0.00 3.93 0.66 95.41
0.00 3.68 0.82 95.51
0.00 3.74 0.72 95.54
0.00 3.83 0.72 95.45
0.00 3.71 0.75 95.54
0.00 3.83 0.69 95.48
0.00 3.83 0.72 95.44
0.00 3.77 0.75 95.47
0.00 3.89 0.78 95.32
0.00 3.74 0.66 95.60
0.00 3.83 0.72 95.45
0.00 3.68 0.72 95.60
0.00 3.65 0.82 95.54
0.00 3.86 0.66 95.48
0.00 3.71 0.72 95.57
0.09 3.86 0.78 95.26
0.00 3.71 0.79 95.51
0.00 3.67 0.85 95.48
0.00 3.74 0.69 95.57
0.00 3.62 0.79 95.60
0.00 3.81 0.69 95.50
0.00 3.92 0.75 95.32
0.00 3.83 0.69 95.48
0.00 3.84 0.69 95.47
0.00 3.77 0.75 95.47
0.00 3.77 0.72 95.51
0.06 3.94 6.90 89.11
0.00 6.06 49.98 43.96
0.00 6.64 50.71 42.65
0.00 6.31 50.42 43.27
0.00 7.60 50.74 41.66
0.00 6.99 50.80 42.21
0.00 7.23 50.88 41.89
0.00 6.33 50.77 42.91
0.00 6.56 50.80 42.64
0.00 6.37 50.58 43.05
0.00 5.25 50.68 44.07
0.09 6.07 32.37 61.46
0.00 3.71 0.82 95.48
0.00 3.81 0.66 95.53
