iowait system user idle 
0.07 0.30 0.07 99.56
0.03 0.03 0.00 99.94
0.91 0.03 0.00 99.06
0.38 0.03 0.00 99.59
1.00 0.41 0.09 98.50
1.09 0.09 0.06 98.75
1.03 0.59 0.09 98.28
0.59 0.09 0.38 98.94
2.95 14.57 1.08 81.40
0.19 24.43 1.01 74.37
0.00 24.10 0.98 74.92
0.00 23.90 1.04 75.06
0.00 24.05 1.04 74.91
0.00 23.88 1.04 75.09
0.00 23.78 1.10 75.12
0.00 24.07 0.91 75.02
0.00 23.80 1.10 75.09
0.00 23.80 1.01 75.20
0.00 23.85 1.01 75.14
0.00 23.94 1.01 75.06
0.00 24.21 0.94 74.84
0.00 23.80 1.04 75.17
0.00 23.86 1.07 75.07
0.00 24.02 1.01 74.98
0.00 24.11 0.94 74.94
0.00 24.10 0.94 74.96
0.00 23.92 1.13 74.95
0.57 16.96 1.04 81.44
