iowait system user idle 
0.07 0.23 0.07 99.63
3.28 0.03 0.00 96.69
3.38 0.03 0.00 96.59
3.28 0.03 0.03 96.66
3.69 0.28 0.09 95.93
4.29 0.16 0.03 95.53
4.22 0.38 0.03 95.37
2.88 0.06 0.50 96.56
1.77 3.72 0.69 93.82
0.22 5.38 0.85 93.55
0.00 4.78 0.79 94.43
0.00 4.63 0.85 94.52
0.00 4.65 0.75 94.59
0.09 4.69 0.69 94.53
0.00 4.56 0.79 94.65
0.00 4.75 0.79 94.47
0.00 4.68 0.82 94.50
0.00 4.50 0.76 94.74
0.00 4.47 0.82 94.72
0.00 4.69 0.69 94.62
0.00 4.53 0.76 94.71
0.00 4.65 0.72 94.62
0.00 4.59 0.79 94.62
0.00 4.56 0.79 94.65
0.00 4.59 0.75 94.65
0.00 4.63 0.79 94.59
0.00 4.62 0.75 94.62
0.00 4.62 0.82 94.56
0.00 4.50 0.79 94.71
0.00 4.53 0.82 94.65
0.00 4.47 0.85 94.69
0.00 4.62 0.82 94.56
0.09 4.68 0.82 94.41
0.00 4.50 0.76 94.74
0.00 4.47 0.79 94.74
0.00 4.62 0.75 94.62
0.00 4.59 0.85 94.56
0.00 4.59 0.82 94.59
0.00 4.38 0.85 94.77
0.00 4.47 0.79 94.74
0.00 4.53 0.88 94.59
0.00 4.53 0.76 94.71
0.00 4.59 0.82 94.59
0.00 4.50 0.85 94.65
0.00 4.62 0.85 94.53
0.00 4.50 0.76 94.75
0.00 4.50 0.82 94.68
0.00 4.65 0.82 94.53
0.00 4.59 0.82 94.59
0.09 4.59 0.75 94.56
0.00 4.56 0.82 94.62
0.00 4.53 0.79 94.68
0.00 4.44 0.72 94.83
0.00 4.56 0.85 94.59
0.00 4.63 0.69 94.68
0.00 4.56 0.79 94.65
0.00 4.53 0.79 94.68
0.00 4.56 0.75 94.69
0.00 4.62 0.75 94.62
0.00 4.62 1.32 94.05
0.00 4.56 0.69 94.75
0.00 4.56 0.82 94.62
0.00 4.56 0.82 94.62
0.00 4.62 0.79 94.59
0.00 4.48 0.66 94.86
0.00 4.56 0.75 94.68
0.00 4.56 0.85 94.59
0.00 4.59 0.79 94.62
0.00 4.75 0.69 94.56
0.00 4.44 0.85 94.71
0.00 4.53 0.72 94.74
0.00 4.60 0.69 94.71
0.00 4.56 0.72 94.71
0.00 4.47 0.76 94.77
