iowait system user idle 
0.02 0.11 0.24 99.63
0.63 1.66 8.07 89.65
0.00 2.53 13.09 84.38
0.00 10.76 11.42 77.82
0.00 13.14 9.55 77.31
0.13 12.99 9.51 77.36
0.00 12.99 9.34 77.67
0.00 12.99 9.58 77.43
0.00 13.04 9.50 77.46
0.00 12.99 9.48 77.52
0.00 12.92 9.34 77.75
0.00 13.04 9.67 77.29
0.00 13.00 9.59 77.41
0.00 5.78 3.46 90.76
1.69 1.06 1.00 96.25
0.91 0.03 0.03 99.03
0.00 0.00 0.00 100.00
