iowait system user idle 
0.08 0.52 0.07 99.33
3.69 0.03 0.00 96.28
3.22 0.00 0.03 96.75
3.44 0.03 0.00 96.53
3.38 0.44 0.09 96.09
4.78 0.09 0.03 95.09
4.32 0.47 0.09 95.12
1.85 0.19 0.75 97.21
0.32 25.98 0.63 73.07
0.00 27.93 1.44 70.63
0.31 27.80 0.91 70.98
0.03 27.73 0.88 71.36
0.00 27.73 0.85 71.42
0.00 27.90 0.75 71.34
0.00 27.77 0.88 71.36
0.00 27.84 0.78 71.37
0.00 27.79 0.85 71.36
0.00 27.78 0.81 71.40
0.00 27.78 0.88 71.35
0.00 27.84 0.81 71.35
0.00 27.80 0.81 71.38
0.00 27.81 0.78 71.41
0.00 27.70 0.85 71.46
0.00 27.82 0.85 71.33
0.00 27.83 0.78 71.38
0.00 27.83 0.81 71.35
0.00 27.78 0.84 71.37
0.00 27.79 0.81 71.39
0.00 27.73 0.91 71.36
0.00 27.88 0.88 71.25
0.00 27.77 0.85 71.38
0.00 27.77 0.88 71.35
0.00 27.73 0.85 71.42
0.00 27.71 0.88 71.41
0.00 27.90 0.75 71.35
0.00 27.86 0.81 71.32
0.00 27.96 0.78 71.25
0.00 27.83 0.84 71.33
0.00 27.95 0.78 71.26
0.00 27.57 0.94 71.49
0.00 27.88 0.78 71.34
0.00 27.86 0.88 71.27
