iowait system user idle 
0.06 0.18 0.06 99.70
3.63 0.03 0.06 96.28
3.63 0.03 0.00 96.34
2.03 0.25 0.13 97.59
0.28 0.97 0.00 98.75
1.13 0.75 0.50 97.62
1.10 1.10 0.34 97.46
0.00 6.64 0.92 92.44
0.00 6.03 0.95 93.02
0.03 5.83 0.95 93.19
0.00 5.80 0.95 93.28
0.00 5.90 0.82 93.28
0.00 5.90 0.88 93.22
0.00 5.74 0.85 93.41
0.00 5.72 0.88 93.40
0.00 5.77 0.91 93.31
0.00 5.65 0.88 93.47
0.00 5.83 0.91 93.25
0.00 5.81 0.88 93.31
0.00 5.77 0.85 93.38
0.00 5.65 0.88 93.46
0.00 5.62 0.92 93.47
0.00 5.69 0.92 93.40
0.00 5.87 0.82 93.31
0.00 5.65 0.92 93.43
0.00 5.96 0.85 93.19
0.00 5.68 0.88 93.44
0.00 5.84 0.85 93.31
0.00 5.68 0.98 93.34
0.00 5.69 0.79 93.52
0.00 5.72 0.79 93.50
0.00 5.80 0.82 93.38
0.00 5.77 0.82 93.41
0.09 5.74 0.85 93.32
0.00 5.87 0.79 93.34
0.00 5.80 0.88 93.31
0.00 5.71 0.88 93.41
0.00 5.56 0.85 93.59
0.00 5.59 0.95 93.46
0.00 5.71 0.85 93.44
0.00 5.59 0.95 93.46
0.00 5.83 0.85 93.32
0.00 5.74 0.88 93.38
0.00 5.68 0.82 93.50
0.00 5.71 0.85 93.43
0.00 5.80 0.91 93.28
0.00 5.77 0.88 93.35
0.00 5.74 0.85 93.40
0.00 5.65 0.95 93.40
0.00 5.63 0.82 93.55
0.00 5.71 1.51 92.78
0.09 5.77 0.85 93.28
0.00 5.74 0.85 93.41
0.00 5.64 0.98 93.38
0.00 5.78 0.73 93.49
0.00 5.80 0.85 93.35
0.00 5.49 0.92 93.59
0.00 5.77 0.95 93.28
0.00 5.68 0.85 93.46
0.00 5.56 0.88 93.55
0.00 5.83 0.85 93.32
0.00 5.59 0.88 93.53
0.00 5.72 0.88 93.40
0.00 5.92 0.88 93.19
0.00 5.68 0.92 93.40
0.00 5.83 0.85 93.31
0.00 5.71 0.95 93.35
