iowait system user idle 
0.07 0.36 0.07 99.50
1.28 0.50 0.16 98.06
2.75 0.59 0.56 96.09
1.31 0.06 0.19 98.44
4.86 31.87 0.79 62.48
4.52 29.74 0.91 64.82
5.73 30.73 0.91 62.63
4.64 30.55 0.88 63.94
3.60 30.23 0.78 65.38
4.57 31.12 0.81 63.50
3.92 31.86 0.88 63.34
3.51 30.74 0.85 64.90
4.73 30.82 0.85 63.61
2.04 30.37 0.88 66.72
2.44 30.98 0.78 65.80
2.16 30.23 0.82 66.79
1.72 30.89 0.75 66.64
1.98 31.63 0.85 65.55
1.69 30.87 0.81 66.62
1.66 30.76 0.85 66.73
2.16 31.13 0.85 65.86
2.10 30.84 0.69 66.37
2.10 30.14 0.91 66.84
1.79 29.93 0.85 67.44
1.72 30.73 0.91 66.64
1.35 31.14 0.78 66.73
1.69 30.90 0.82 66.59
1.79 30.82 0.97 66.43
1.88 30.71 0.81 66.59
2.13 31.24 0.82 65.81
2.23 30.37 0.85 66.55
2.07 31.17 0.78 65.98
1.75 31.03 0.85 66.37
2.07 30.51 0.72 66.70
1.82 30.91 0.72 66.55
2.16 30.92 0.88 66.04
1.94 30.90 0.88 66.28
1.97 31.07 0.75 66.21
1.97 30.59 0.88 66.56
2.26 30.85 0.85 66.05
1.95 30.19 0.82 67.04
1.85 31.03 0.91 66.21
1.66 30.99 0.85 66.50
1.79 30.78 0.82 66.61
1.94 30.83 0.85 66.37
1.63 30.49 0.85 67.03
1.91 31.03 0.78 66.27
1.82 31.08 0.85 66.25
1.91 30.51 0.81 66.76
1.91 30.85 0.78 66.45
1.72 30.90 0.88 66.50
1.63 30.71 1.38 66.28
2.20 30.78 0.79 66.24
