iowait system user idle 
0.08 0.53 0.07 99.31
1.31 0.88 0.19 97.62
2.34 0.25 0.53 96.87
1.69 0.97 0.16 97.18
5.83 17.06 0.96 76.15
3.51 25.13 1.00 70.35
4.67 25.96 0.85 68.53
2.16 26.11 0.91 70.82
1.47 25.78 0.97 71.77
1.98 25.76 0.82 71.45
1.98 24.55 0.88 72.58
1.79 24.86 0.94 72.41
2.98 25.94 0.85 70.24
1.48 25.18 0.85 72.49
1.35 25.40 0.85 72.41
1.69 26.12 0.75 71.43
1.73 26.15 0.88 71.25
2.13 25.50 1.00 71.36
1.44 26.04 0.85 71.67
1.19 25.53 0.79 72.49
1.63 25.92 0.85 71.60
1.63 25.74 0.85 71.79
1.76 25.43 0.91 71.90
1.38 25.77 1.41 71.44
1.16 25.75 0.85 72.24
2.26 26.14 0.88 70.72
2.00 26.36 0.85 70.79
2.20 25.43 0.85 71.52
1.63 26.00 0.85 71.53
1.72 25.18 0.88 72.22
1.70 24.70 0.79 72.82
1.42 22.71 0.94 74.93
1.82 21.70 0.98 75.50
1.79 23.66 0.91 73.63
1.70 24.76 0.85 72.69
1.41 25.42 0.97 72.19
2.35 25.33 0.88 71.44
1.66 25.24 0.85 72.24
