iowait system user idle 
0.07 0.27 0.07 99.59
0.53 0.03 0.00 99.44
0.56 0.03 0.00 99.41
1.25 0.03 0.00 98.72
1.88 0.31 0.09 97.72
1.82 1.50 0.00 96.68
0.38 0.53 0.13 98.97
2.59 0.25 0.81 96.34
0.09 20.93 0.63 78.35
0.00 27.33 0.97 71.70
0.00 27.31 0.88 71.82
0.00 27.20 0.94 71.87
0.00 27.21 0.88 71.91
0.00 27.17 0.94 71.89
0.00 27.13 0.94 71.93
0.00 27.16 0.94 71.90
0.00 27.17 0.88 71.95
0.00 27.12 0.94 71.94
0.00 27.11 0.97 71.92
0.00 27.13 0.97 71.90
0.00 27.08 1.00 71.92
0.00 27.01 1.09 71.90
0.00 27.17 0.91 71.92
0.00 27.14 0.97 71.89
0.00 27.10 1.00 71.90
0.00 27.17 0.91 71.92
0.00 27.20 0.88 71.92
0.00 27.12 0.94 71.94
0.00 27.08 1.03 71.89
0.00 27.14 0.94 71.92
0.00 27.15 0.97 71.88
0.00 27.21 0.88 71.91
