iowait system user idle 
0.08 0.43 0.07 99.42
1.25 0.75 0.13 97.87
4.41 0.34 0.53 94.71
4.04 2.69 0.22 93.05
5.84 27.24 0.94 65.98
6.07 27.16 1.10 65.68
4.38 27.18 1.00 67.44
2.35 27.24 0.88 69.53
2.88 27.17 1.00 68.95
3.07 27.07 0.94 68.92
2.81 26.86 1.03 69.29
3.26 26.04 0.97 69.72
2.73 26.32 0.94 70.02
0.85 26.15 0.91 72.09
0.97 25.64 1.03 72.35
0.00 26.52 0.97 72.92
0.47 26.39 1.03 72.10
0.41 26.79 1.00 71.80
0.81 26.67 1.03 71.49
1.88 26.81 1.03 70.28
2.00 26.77 0.97 70.26
1.16 26.75 1.00 71.09
0.16 26.03 1.00 72.81
1.94 15.87 0.91 81.28
