iowait system user idle 
0.04 0.09 0.05 99.82
2.00 0.03 0.00 97.97
2.75 0.06 0.03 97.16
3.00 0.38 0.09 96.53
0.78 0.44 0.50 98.28
1.16 1.07 0.31 97.46
0.13 5.99 0.79 93.09
0.00 4.98 0.82 94.20
0.00 5.07 0.85 94.08
0.00 5.19 0.75 94.05
0.00 4.98 0.76 94.26
0.00 5.07 0.79 94.14
0.00 4.97 0.91 94.11
0.00 5.16 0.79 94.05
0.00 5.01 0.73 94.26
0.00 4.98 0.85 94.17
0.00 5.13 0.82 94.05
0.00 5.01 0.82 94.17
0.00 5.06 0.85 94.09
0.00 4.95 1.42 93.63
0.00 4.98 0.76 94.26
0.00 5.01 0.79 94.21
0.00 5.07 0.82 94.12
0.00 4.95 0.79 94.26
0.00 4.88 0.85 94.26
0.00 5.01 0.79 94.20
0.00 5.07 0.82 94.12
0.00 4.94 0.88 94.17
0.00 4.85 0.98 94.18
0.00 5.01 0.79 94.20
0.00 5.07 0.79 94.14
0.00 5.08 0.76 94.17
0.00 4.97 0.88 94.14
0.00 5.16 0.85 94.00
0.00 5.04 0.82 94.15
0.00 4.97 0.91 94.11
0.00 5.04 0.79 94.17
0.00 4.97 0.88 94.15
0.00 5.23 0.79 93.99
0.00 4.98 0.82 94.20
0.00 4.98 0.79 94.23
0.00 4.95 0.82 94.23
0.00 5.16 0.79 94.05
