iowait system user idle 
0.02 0.07 0.20 99.71
0.84 1.03 1.22 96.90
0.00 2.41 3.88 93.72
0.00 3.80 3.51 92.69
0.00 6.18 3.04 90.77
0.00 6.52 3.01 90.48
0.00 6.25 3.14 90.61
0.00 6.49 2.95 90.56
0.00 6.28 3.08 90.65
0.00 6.50 2.98 90.52
0.00 6.28 3.14 90.58
0.00 6.13 3.15 90.72
0.00 6.22 3.17 90.61
0.00 6.39 3.13 90.47
0.00 6.25 3.14 90.62
0.00 6.30 3.23 90.47
0.16 6.37 3.10 90.37
0.00 6.19 3.74 90.20
0.00 6.34 3.04 90.62
0.00 6.22 2.92 90.86
0.00 6.58 2.94 90.48
0.00 6.58 2.97 90.45
0.00 6.31 3.07 90.62
0.00 6.33 3.04 90.63
0.00 6.24 3.07 90.68
0.00 6.27 3.10 90.63
0.00 6.42 3.01 90.57
0.00 2.63 0.72 96.66
0.63 1.72 0.44 97.22
1.88 0.09 0.34 97.69
0.06 0.06 0.03 99.84
