iowait system user idle 
0.06 0.20 0.06 99.67
0.50 0.03 0.00 99.47
0.84 0.03 0.00 99.12
0.38 0.28 0.09 99.25
1.31 0.16 0.00 98.53
1.13 0.38 0.09 98.40
1.00 0.19 0.56 98.25
1.11 4.90 0.79 93.20
0.00 4.66 0.82 94.52
0.00 4.47 0.79 94.74
0.00 4.47 0.79 94.74
0.00 4.41 0.79 94.80
0.00 4.53 0.72 94.75
0.00 4.56 0.72 94.71
0.00 4.47 0.76 94.77
0.00 4.50 0.72 94.77
0.00 4.53 0.76 94.71
0.00 4.41 0.76 94.83
0.00 4.35 0.76 94.89
0.00 4.44 0.76 94.80
0.00 4.57 0.66 94.77
0.00 4.38 0.82 94.80
0.00 4.44 0.76 94.80
0.00 4.38 0.76 94.86
0.00 4.53 0.72 94.75
0.00 4.50 0.79 94.71
0.00 4.53 0.76 94.71
0.00 4.51 0.69 94.80
0.00 4.47 0.76 94.77
0.00 4.57 0.69 94.74
0.00 4.53 0.79 94.68
0.00 4.48 0.69 94.83
0.00 4.56 0.79 94.65
0.00 4.47 0.76 94.77
0.00 4.38 0.88 94.74
0.00 4.41 0.72 94.86
0.00 4.50 0.72 94.77
0.00 4.50 0.79 94.71
0.00 4.41 0.76 94.83
0.00 4.41 0.76 94.84
0.00 4.57 0.66 94.77
0.00 4.54 0.69 94.77
0.00 4.38 1.26 94.36
0.09 4.50 0.72 94.68
0.00 4.35 0.82 94.83
0.00 4.28 0.88 94.84
0.00 4.56 0.72 94.71
0.00 4.53 0.72 94.75
0.00 4.50 0.76 94.74
0.00 4.62 0.75 94.62
0.00 4.44 0.72 94.83
0.00 4.56 0.82 94.62
0.00 4.53 0.72 94.74
0.00 4.50 0.79 94.71
0.00 4.56 0.72 94.71
0.00 4.47 0.69 94.84
0.00 4.53 0.76 94.71
0.00 4.50 0.82 94.68
0.00 4.50 0.72 94.77
0.00 4.50 0.76 94.74
0.00 4.41 0.79 94.80
0.00 4.59 0.72 94.68
