iowait system user idle 
0.07 0.22 0.07 99.64
2.06 0.03 0.00 97.91
2.63 0.03 0.00 97.34
2.50 0.28 0.13 97.09
2.10 0.22 0.06 97.62
1.19 0.38 0.56 97.87
1.39 3.18 0.54 94.89
0.00 5.30 0.79 93.91
0.00 4.69 0.72 94.59
0.00 4.56 0.76 94.68
0.00 4.47 0.76 94.77
0.00 4.41 0.88 94.71
0.00 4.44 0.76 94.81
0.00 4.44 0.79 94.77
0.00 4.41 0.79 94.80
0.00 4.50 0.85 94.65
0.00 4.44 0.82 94.74
0.00 4.47 0.82 94.72
0.00 4.47 0.76 94.77
0.00 4.38 1.39 94.24
0.09 4.41 0.76 94.74
0.00 4.41 0.85 94.75
0.00 4.37 0.82 94.81
0.00 4.53 0.82 94.65
0.00 4.38 0.76 94.86
0.00 4.29 0.85 94.86
0.00 4.41 0.76 94.83
0.03 4.47 0.82 94.68
0.00 4.41 0.72 94.86
0.00 4.47 0.82 94.71
0.00 4.38 0.85 94.77
0.00 4.44 0.72 94.83
0.00 4.44 0.79 94.78
0.00 4.44 0.79 94.77
0.00 4.38 0.76 94.87
0.00 4.50 0.79 94.71
0.00 4.35 0.76 94.90
0.00 4.56 0.82 94.63
0.00 4.47 0.76 94.77
0.00 4.44 0.82 94.75
0.00 4.44 0.79 94.77
0.00 4.50 0.79 94.71
0.00 4.44 0.82 94.75
0.00 4.38 0.82 94.80
0.00 4.44 0.79 94.77
0.00 4.47 0.79 94.75
0.00 4.47 0.72 94.80
0.00 4.47 0.79 94.74
0.00 4.59 0.72 94.68
0.00 4.31 0.88 94.81
0.00 4.35 0.82 94.84
0.00 4.47 0.82 94.71
0.00 4.50 0.82 94.68
0.00 4.41 0.82 94.77
0.00 4.56 0.72 94.71
0.00 4.35 0.82 94.83
0.00 4.53 0.72 94.75
0.00 4.38 0.79 94.83
0.00 4.47 0.82 94.71
0.00 4.47 0.82 94.71
0.00 4.41 0.82 94.77
0.00 4.35 0.82 94.83
0.06 4.12 0.76 95.06
