iowait system user idle 
0.07 0.26 0.07 99.61
1.82 0.88 0.16 97.15
4.66 0.25 0.34 94.75
4.19 0.06 0.31 95.43
5.98 25.22 1.10 67.70
3.44 27.19 0.94 68.43
2.32 27.24 0.94 69.51
0.13 26.80 1.03 72.04
2.16 26.30 1.03 70.50
3.10 25.62 1.07 70.21
3.65 25.06 1.04 70.25
2.57 26.43 1.10 69.91
3.29 26.42 1.03 69.26
1.16 26.30 1.03 71.50
1.50 25.67 1.07 71.76
1.53 26.44 1.00 71.03
1.73 25.87 1.00 71.40
1.66 24.96 1.00 72.37
1.66 26.33 0.94 71.07
1.28 26.35 0.91 71.46
1.35 26.56 0.94 71.15
