iowait system user idle 
0.05 0.11 0.05 99.80
0.56 0.03 0.03 99.37
0.59 0.03 0.00 99.37
1.69 0.38 0.09 97.84
1.38 0.47 0.53 97.62
1.25 0.78 0.34 97.62
0.00 6.80 0.91 92.29
0.03 5.76 0.88 93.32
0.00 5.68 0.85 93.47
0.00 5.51 0.88 93.61
0.03 5.54 0.85 93.57
0.00 5.64 0.91 93.45
0.00 5.55 0.85 93.60
0.00 5.83 0.76 93.42
0.00 5.58 0.79 93.63
0.00 5.55 0.91 93.54
0.00 5.67 0.82 93.52
0.00 5.76 0.91 93.32
0.00 5.70 0.88 93.42
0.00 5.61 0.88 93.51
0.00 5.92 0.85 93.23
0.00 5.55 0.91 93.54
0.00 5.80 0.79 93.42
0.00 5.49 0.82 93.69
0.00 5.67 0.72 93.60
0.00 5.61 0.82 93.57
0.00 5.55 0.91 93.54
0.00 6.05 0.72 93.23
0.00 5.55 0.82 93.64
0.00 5.64 0.82 93.54
0.00 5.67 0.85 93.48
0.00 5.58 0.82 93.60
