iowait system user idle 
0.05 0.11 0.05 99.79
0.88 0.03 0.00 99.09
0.81 0.03 0.03 99.12
0.38 0.28 0.09 99.25
0.00 1.03 0.00 98.97
1.10 0.66 0.59 97.65
1.19 1.41 0.25 97.15
0.00 6.70 0.95 92.36
0.00 6.02 0.88 93.09
0.03 5.62 0.95 93.40
0.00 5.77 0.85 93.37
0.00 5.81 0.82 93.37
0.00 5.62 0.92 93.47
0.00 5.83 0.79 93.38
0.00 5.74 1.39 92.87
0.09 5.77 0.88 93.25
0.00 5.89 0.85 93.26
0.00 5.77 0.91 93.32
0.00 5.62 0.82 93.55
0.00 5.74 0.91 93.35
0.00 5.72 0.79 93.50
0.00 5.77 0.88 93.35
0.00 5.65 0.85 93.50
0.00 5.77 0.82 93.41
0.00 5.90 0.88 93.22
0.00 5.74 0.82 93.44
0.00 5.68 0.95 93.37
0.00 5.68 0.88 93.44
0.00 5.81 0.85 93.34
0.00 5.86 0.82 93.32
0.00 5.65 0.92 93.43
0.00 5.78 0.79 93.43
0.00 5.62 0.85 93.53
0.03 5.56 0.95 93.46
0.00 5.71 0.92 93.37
0.00 5.81 0.95 93.25
0.00 5.77 0.76 93.47
0.00 5.84 0.79 93.38
0.00 5.69 0.88 93.43
0.00 5.77 0.85 93.38
0.00 5.65 0.95 93.41
0.00 5.62 0.85 93.53
0.00 5.65 0.79 93.56
0.00 5.71 0.91 93.38
0.00 5.90 0.79 93.31
0.00 5.53 0.85 93.62
0.00 5.62 0.95 93.44
0.00 5.68 0.88 93.43
0.00 5.93 0.79 93.28
0.00 5.65 0.92 93.43
0.00 5.68 0.88 93.44
0.00 5.77 0.82 93.40
0.00 5.77 0.91 93.31
0.00 5.86 0.76 93.38
0.00 5.90 0.82 93.28
0.03 5.77 0.95 93.25
0.00 5.83 0.85 93.32
0.00 5.74 0.88 93.38
0.00 5.71 0.85 93.43
0.00 5.55 1.01 93.44
0.00 5.77 0.88 93.35
0.00 5.74 0.88 93.38
0.00 5.84 0.82 93.34
0.00 5.80 0.79 93.41
0.00 5.62 0.91 93.47
0.00 5.77 0.88 93.34
0.00 5.68 0.92 93.40
0.00 5.75 0.79 93.46
0.00 5.83 0.85 93.32
0.00 5.72 0.82 93.46
