iowait system user idle 
0.07 0.21 0.06 99.66
0.06 0.03 0.00 99.91
0.56 0.03 0.00 99.41
0.34 0.28 0.09 99.28
1.22 0.16 0.00 98.62
1.25 0.34 0.06 98.34
1.19 0.19 0.62 98.00
0.88 4.49 0.70 93.93
0.00 5.13 0.69 94.18
0.00 4.63 0.76 94.62
0.00 4.59 0.85 94.56
0.00 4.50 0.82 94.68
0.00 4.41 0.85 94.74
0.00 4.50 0.76 94.74
0.00 4.65 0.79 94.56
0.00 4.53 0.79 94.68
0.00 4.59 0.82 94.59
0.00 4.62 0.75 94.62
0.00 4.47 0.79 94.75
0.00 4.53 0.72 94.74
0.00 4.50 0.76 94.75
0.00 4.62 0.75 94.62
0.00 4.47 0.82 94.71
0.00 4.44 0.76 94.80
0.00 4.50 0.76 94.74
0.00 4.65 0.82 94.53
0.00 4.66 0.69 94.65
0.00 4.53 0.79 94.68
0.00 4.47 0.88 94.65
0.00 4.53 0.76 94.71
0.00 4.59 0.75 94.65
0.00 4.41 0.72 94.87
0.00 4.53 0.79 94.68
0.00 4.47 0.76 94.77
0.00 4.44 0.76 94.81
0.00 4.62 0.72 94.65
0.00 4.56 0.72 94.71
0.00 4.50 0.76 94.74
0.00 4.41 0.79 94.81
0.00 4.71 1.32 93.97
0.06 4.53 0.79 94.62
0.00 4.53 0.75 94.72
0.00 4.50 0.82 94.69
0.00 4.65 0.82 94.54
0.00 4.41 0.85 94.75
0.00 4.50 0.79 94.71
0.00 4.53 0.79 94.68
0.00 4.46 0.88 94.66
0.00 4.56 0.82 94.62
0.00 4.65 0.72 94.62
0.00 4.47 0.76 94.77
0.00 4.47 0.82 94.71
0.00 4.56 0.76 94.68
0.00 4.56 0.75 94.68
0.00 4.44 0.85 94.71
0.00 4.47 0.76 94.77
0.00 4.44 0.88 94.68
0.00 4.71 0.75 94.53
0.00 4.47 0.76 94.78
0.00 4.53 0.79 94.68
0.00 4.56 0.79 94.65
0.00 4.56 0.79 94.65
0.00 4.50 0.76 94.75
0.00 4.56 0.69 94.74
0.00 4.56 0.82 94.62
0.00 4.56 0.72 94.72
0.00 4.62 0.85 94.54
