iowait system user idle 
0.07 0.35 0.07 99.51
1.91 0.69 0.13 97.28
4.10 0.47 0.38 95.06
2.06 0.06 0.28 97.59
5.67 12.77 0.90 80.67
5.55 13.43 1.21 79.81
2.90 12.99 1.15 82.96
4.62 12.87 1.08 81.43
3.45 12.72 0.99 82.84
4.24 12.60 1.08 82.08
3.76 12.96 1.02 82.27
4.04 12.82 0.92 82.22
6.09 12.31 1.05 80.55
2.17 12.23 0.99 84.61
2.29 12.63 0.99 84.10
1.66 12.46 1.12 84.76
1.85 12.66 1.53 83.97
1.95 11.81 1.12 85.12
2.10 12.51 1.05 84.34
1.91 12.73 1.02 84.34
1.59 12.34 1.05 85.01
2.48 12.77 1.05 83.70
2.03 12.75 0.99 84.23
1.91 12.41 1.02 84.66
2.04 12.51 1.08 84.37
2.26 12.21 1.08 84.44
1.85 12.33 1.02 84.80
2.00 12.44 1.02 84.54
2.33 12.56 0.92 84.18
1.65 12.38 1.11 84.85
2.78 12.38 0.99 83.85
1.59 12.40 1.08 84.92
1.75 12.11 1.12 85.02
1.27 12.39 1.02 85.31
1.72 12.21 1.08 84.99
1.99 7.25 0.79 89.97
