iowait system user idle 
0.02 0.08 0.21 99.69
0.75 0.91 1.38 96.97
0.00 2.50 3.75 93.75
0.00 3.26 3.67 93.07
0.00 5.06 3.13 91.80
0.13 5.15 3.16 91.56
0.00 5.21 3.16 91.63
0.00 5.21 3.16 91.63
0.00 5.22 3.10 91.68
0.00 5.18 3.22 91.60
0.00 5.09 3.22 91.69
0.00 5.18 3.13 91.69
0.00 5.09 3.16 91.74
0.00 5.18 3.22 91.60
0.00 5.00 3.29 91.71
0.00 5.12 3.13 91.75
0.00 5.09 3.13 91.77
0.00 4.97 3.20 91.83
0.00 5.03 3.20 91.77
0.00 4.81 3.26 91.92
0.00 5.18 3.16 91.66
0.00 5.00 3.23 91.77
0.00 5.18 3.22 91.59
0.00 5.21 3.13 91.66
0.00 5.37 3.10 91.53
0.00 5.16 3.17 91.67
0.00 5.22 3.13 91.65
0.00 4.88 3.17 91.95
0.00 5.15 3.22 91.62
0.00 5.19 3.10 91.71
0.00 5.15 3.19 91.66
0.00 5.19 3.77 91.04
0.00 3.26 1.35 95.39
0.31 1.72 0.44 97.53
0.81 0.03 0.09 99.06
0.00 0.00 0.00 100.00
