iowait system user idle 
0.05 0.13 0.05 99.77
0.75 0.75 0.13 98.37
0.03 1.13 0.56 98.28
3.00 0.44 0.06 96.50
3.28 0.13 0.41 96.19
3.12 5.52 0.79 90.57
4.00 5.45 0.94 89.61
4.23 4.98 0.85 89.94
3.27 4.75 0.98 90.99
1.01 5.10 0.79 93.11
2.93 5.16 0.82 91.09
2.39 5.04 0.79 91.78
2.14 5.16 0.91 91.78
2.26 5.34 0.82 91.57
0.76 5.19 0.88 93.17
2.58 5.20 0.79 91.43
1.16 5.19 0.85 92.79
1.20 5.26 0.79 92.76
1.73 5.32 0.85 92.10
2.74 5.50 0.79 90.97
2.49 5.48 0.85 91.19
1.38 5.35 0.88 92.38
2.42 5.69 0.91 90.97
1.70 5.76 0.82 91.72
2.77 5.63 0.79 90.81
2.36 5.75 0.82 91.07
2.58 5.70 0.88 90.84
1.57 5.69 0.88 91.86
1.61 5.57 0.82 92.01
1.29 5.66 0.88 92.17
1.86 5.57 0.88 91.70
1.61 5.42 0.79 92.19
1.42 5.35 0.82 92.41
0.69 5.72 0.88 92.71
2.08 5.66 0.76 91.50
0.50 5.63 0.82 93.05
2.01 5.54 0.82 91.63
1.26 5.42 0.88 92.44
0.25 5.79 0.75 93.21
1.95 5.73 0.88 91.44
1.83 5.76 0.76 91.66
0.16 5.97 0.82 93.05
0.91 5.91 0.88 92.30
2.68 5.51 0.85 90.96
2.65 5.17 0.91 91.27
