iowait system user idle 
0.08 0.55 0.08 99.29
1.38 0.69 0.13 97.81
1.22 0.44 0.53 97.81
1.22 0.06 0.16 98.56
4.63 36.15 0.82 58.40
4.74 31.75 0.88 62.63
4.83 30.30 0.94 63.93
4.23 32.09 0.88 62.80
3.92 30.65 0.97 64.46
3.83 32.32 0.78 63.07
4.20 31.42 0.88 63.50
4.67 31.78 0.91 62.64
1.97 31.05 0.81 66.17
2.16 32.14 0.85 64.85
1.88 31.09 0.85 66.19
1.75 31.65 0.97 65.62
2.04 31.47 0.75 65.73
1.79 31.40 0.94 65.87
2.04 32.19 0.85 64.92
1.82 30.73 0.91 66.54
2.22 31.07 0.88 65.83
1.79 31.67 0.85 65.69
2.38 31.62 0.85 65.15
1.79 31.02 0.88 66.31
2.01 31.02 0.88 66.10
1.76 32.05 0.82 65.38
2.04 31.79 0.88 65.30
2.47 30.87 0.81 65.84
2.04 31.31 0.81 65.84
1.79 31.40 0.82 66.00
2.13 31.41 0.82 65.64
2.13 31.58 0.91 65.38
1.98 30.84 0.94 66.24
1.57 32.03 0.88 65.53
2.16 31.05 0.88 65.90
1.79 31.00 0.82 66.39
1.76 30.92 0.82 66.51
2.10 30.91 0.82 66.18
1.79 32.19 0.91 65.11
1.85 31.85 0.88 65.42
1.54 31.13 0.88 66.46
1.41 31.77 0.91 65.91
1.57 31.68 0.88 65.87
1.97 31.28 0.94 65.81
1.85 31.82 0.82 65.52
1.00 30.42 0.78 67.80
2.17 30.91 0.91 66.02
1.57 31.26 0.91 66.26
1.85 30.95 0.88 66.32
1.94 31.18 0.88 66.00
1.60 30.86 0.88 66.67
1.38 32.01 0.85 65.77
2.20 31.85 0.91 65.05
1.76 31.05 0.78 66.41
2.98 13.47 0.63 82.93
