iowait system user idle 
0.05 0.12 0.05 99.78
1.22 0.75 0.16 97.87
0.59 0.09 0.41 98.91
1.92 1.04 0.16 96.89
4.68 6.58 0.95 87.80
3.98 6.10 1.52 88.41
3.76 6.00 0.85 89.38
4.76 6.18 0.95 88.12
4.38 5.96 0.88 88.77
4.14 5.90 0.88 89.07
3.98 6.03 0.98 89.02
1.45 5.96 0.88 91.70
1.23 5.81 0.92 92.05
1.99 5.94 0.82 91.25
1.55 6.09 0.73 91.64
1.48 5.84 0.91 91.77
1.10 6.08 0.91 91.90
1.26 5.96 1.01 91.77
1.17 6.18 0.85 91.80
1.86 5.90 0.79 91.45
1.48 5.90 0.88 91.73
1.67 5.87 0.82 91.63
2.11 6.05 0.91 90.92
1.42 6.12 0.88 91.58
2.59 6.03 0.91 90.47
1.23 5.90 0.88 91.98
2.30 6.15 0.85 90.69
1.64 5.97 0.88 91.51
2.62 6.18 0.85 90.35
2.37 6.12 0.79 90.72
2.46 6.09 0.91 90.54
1.70 6.31 0.85 91.14
1.23 6.11 0.91 91.74
1.73 6.12 0.98 91.17
1.39 6.27 0.98 91.37
1.58 6.13 0.95 91.35
2.56 6.18 0.88 90.38
2.02 6.09 0.95 90.94
2.46 6.31 0.82 90.41
2.14 6.34 0.79 90.73
1.04 6.40 0.88 91.68
1.55 6.35 0.82 91.29
1.01 6.43 0.82 91.74
1.20 6.43 0.88 91.49
0.85 6.47 0.88 91.80
1.20 6.61 0.85 91.34
1.92 6.56 0.85 90.67
1.14 6.44 0.88 91.54
2.37 6.46 0.88 90.29
1.95 6.56 0.79 90.70
1.33 6.41 0.98 91.29
1.23 6.46 0.88 91.42
1.51 6.61 0.85 91.03
