iowait system user idle 
0.05 0.12 0.05 99.78
1.79 0.72 0.16 97.34
2.25 0.06 0.03 97.65
3.16 0.06 0.06 96.72
3.28 0.03 0.13 96.56
3.69 0.06 0.06 96.19
3.53 0.03 0.13 96.31
3.72 0.03 0.03 96.22
3.53 0.03 0.00 96.44
3.47 0.03 0.06 96.44
3.63 0.06 0.03 96.28
3.63 0.06 0.00 96.31
3.03 0.06 0.03 96.87
1.47 0.06 0.03 98.44
2.38 0.09 0.66 96.87
3.31 0.03 0.09 96.56
0.38 0.09 0.03 99.50
0.84 0.06 0.06 99.03
0.88 0.03 0.09 99.00
0.34 0.03 0.09 99.53
0.00 0.09 1.06 98.94
0.31 0.06 0.09 99.53
0.69 0.06 0.34 98.91
0.00 0.13 0.59 99.37
1.69 0.13 0.66 97.53
0.47 0.06 0.00 99.47
0.72 0.12 0.59 98.56
0.00 0.34 0.03 99.66
2.37 6.20 0.85 90.58
1.04 5.04 0.82 93.10
0.00 4.67 0.82 94.51
0.25 4.88 0.88 93.98
0.19 4.92 0.76 94.13
2.01 5.35 0.85 91.78
0.28 5.54 0.82 93.35
1.48 5.60 0.85 92.07
0.72 5.39 0.95 92.94
0.63 5.73 0.82 92.82
0.35 5.43 0.82 93.41
2.74 5.76 0.88 90.63
1.13 5.88 0.82 92.17
1.54 5.92 0.85 91.68
2.40 5.90 0.82 90.89
0.57 5.95 0.85 92.64
0.66 5.61 0.82 92.91
0.60 6.23 0.82 92.36
0.19 5.76 0.88 93.17
0.03 5.88 0.79 93.30
1.10 5.97 0.88 92.04
2.11 5.57 0.85 91.46
1.85 5.91 0.82 91.42
1.82 6.01 0.82 91.35
2.49 5.98 1.35 90.18
0.41 6.07 0.91 92.61
1.83 5.92 0.91 91.35
1.04 5.73 0.88 92.35
1.89 6.07 0.88 91.16
0.22 5.82 0.79 93.18
1.07 5.89 0.88 92.16
0.25 5.66 0.91 93.18
1.82 5.88 0.82 91.48
0.88 3.83 0.69 94.60
