iowait system user idle 
0.08 0.48 0.07 99.37
0.44 0.03 0.00 99.53
0.97 0.03 0.00 99.00
0.97 0.28 0.09 98.66
1.56 0.81 0.13 97.50
2.31 0.22 0.87 96.59
0.28 12.68 0.53 86.50
0.00 27.20 0.84 71.95
0.00 27.28 0.91 71.82
0.00 27.14 0.97 71.89
0.00 27.16 0.94 71.90
0.00 27.20 0.91 71.89
0.00 27.21 0.91 71.88
0.00 27.29 0.84 71.87
0.00 27.42 0.78 71.80
0.00 27.38 0.84 71.77
0.00 27.37 0.88 71.75
0.00 27.34 0.88 71.79
0.00 27.38 0.78 71.84
0.00 27.28 0.81 71.91
0.00 27.35 0.81 71.84
0.00 27.47 0.78 71.75
0.00 27.45 0.78 71.76
0.00 27.33 0.94 71.73
0.00 27.32 0.91 71.78
0.00 27.28 0.91 71.81
0.00 27.29 0.88 71.83
0.00 27.45 0.81 71.73
0.13 27.32 0.88 71.68
0.00 27.28 0.91 71.81
0.00 27.35 0.94 71.71
0.00 27.43 0.84 71.72
0.00 27.33 0.81 71.85
