iowait system user idle 
0.04 0.07 0.04 99.85
1.03 0.66 0.16 98.15
3.91 0.22 0.44 95.43
2.10 0.85 0.13 96.93
4.60 5.71 0.95 88.74
3.31 4.73 0.82 91.14
3.08 4.94 0.82 91.16
3.40 4.98 0.88 90.74
1.73 5.07 1.45 91.75
1.92 5.13 0.82 92.13
3.02 4.88 0.91 91.18
3.59 5.22 0.79 90.41
3.15 5.13 0.79 90.94
4.19 4.98 0.88 89.95
3.24 5.01 0.88 90.87
3.28 5.13 0.79 90.80
3.68 5.25 0.88 90.19
2.99 4.98 0.88 91.15
3.02 5.10 0.79 91.08
3.02 5.07 0.94 90.96
2.99 5.04 0.82 91.14
3.05 5.13 0.85 90.97
3.02 5.04 0.82 91.12
2.99 5.37 0.72 90.92
3.02 5.13 0.88 90.97
2.96 5.04 0.79 91.21
3.03 4.98 0.88 91.11
3.05 5.10 0.79 91.06
3.02 5.04 0.88 91.05
2.99 5.07 0.88 91.06
3.02 5.01 0.85 91.12
2.96 5.13 0.85 91.06
3.02 5.25 0.76 90.97
3.02 5.16 0.79 91.03
3.02 5.16 0.85 90.97
2.96 4.95 0.82 91.27
3.12 5.13 0.85 90.90
1.80 4.92 0.91 92.37
1.32 5.01 0.85 92.82
2.27 5.10 0.82 91.81
3.15 5.13 0.82 90.90
3.71 3.96 0.82 91.51
