iowait system user idle 
0.07 0.32 0.07 99.54
0.25 0.03 0.00 99.72
1.03 0.03 0.03 98.91
0.69 0.03 0.00 99.28
0.59 0.25 0.13 99.03
1.28 1.44 0.00 97.28
1.85 0.59 0.09 97.47
2.22 0.28 0.81 96.69
0.13 26.48 0.54 72.86
0.00 28.43 0.84 70.72
0.00 28.16 0.88 70.96
0.00 28.14 0.78 71.08
0.00 27.90 0.85 71.26
0.00 28.12 0.84 71.04
0.00 28.08 0.81 71.10
0.00 27.94 0.88 71.18
0.00 28.04 0.88 71.08
0.00 28.14 0.78 71.08
0.00 27.90 0.88 71.22
0.00 28.00 0.84 71.15
0.00 28.00 0.85 71.16
0.00 28.04 0.88 71.08
0.00 28.03 0.94 71.04
0.00 27.97 0.88 71.16
0.00 28.10 0.88 71.03
0.00 28.17 0.78 71.05
0.00 28.06 0.81 71.13
0.22 28.01 0.91 70.86
0.00 28.15 0.75 71.10
0.00 28.09 0.78 71.12
0.00 27.83 1.28 70.88
0.00 27.85 0.81 71.33
0.13 27.98 0.81 71.08
0.00 27.99 0.91 71.10
0.00 28.08 0.75 71.16
0.00 28.16 0.78 71.06
0.00 28.03 0.84 71.13
0.06 28.05 0.81 71.07
0.00 28.16 0.72 71.12
0.00 28.23 0.78 70.99
0.00 28.23 0.78 70.99
0.00 28.14 0.81 71.05
