iowait system user idle 
0.05 0.14 0.05 99.75
0.28 0.03 0.00 99.69
0.25 0.03 0.03 99.69
2.53 0.28 0.66 96.53
0.22 0.97 0.03 98.78
0.69 1.10 0.06 98.15
1.06 0.16 0.63 98.16
0.16 4.90 0.66 94.28
0.00 6.54 0.73 92.73
0.00 6.03 0.88 93.09
0.06 5.78 0.92 93.24
0.00 5.90 0.92 93.18
0.00 5.81 0.85 93.34
0.00 5.90 0.91 93.19
0.00 5.72 0.85 93.43
0.00 5.68 0.88 93.44
0.00 5.77 0.85 93.38
0.00 5.55 1.04 93.40
0.00 5.77 0.82 93.41
0.00 5.72 0.85 93.43
0.00 5.77 0.91 93.31
0.00 5.77 0.91 93.31
0.00 5.74 0.88 93.37
0.00 5.74 0.95 93.31
0.00 5.71 0.88 93.41
0.00 5.83 0.85 93.32
0.00 5.90 0.82 93.28
0.00 5.73 0.91 93.35
0.00 5.68 0.95 93.38
0.00 5.77 1.01 93.22
0.00 5.80 0.88 93.31
0.00 5.80 0.88 93.31
0.00 5.77 0.82 93.40
0.00 5.58 1.01 93.41
0.00 5.87 0.85 93.28
0.00 5.65 0.88 93.47
0.00 5.83 0.88 93.28
0.00 5.83 0.82 93.35
0.00 5.89 0.88 93.22
0.00 5.74 0.92 93.34
0.00 5.87 0.82 93.31
0.00 5.71 0.85 93.44
0.00 5.71 0.88 93.41
0.03 5.65 0.88 93.43
0.00 5.77 0.79 93.44
0.00 5.87 0.79 93.34
0.00 5.74 0.98 93.29
0.00 5.65 0.88 93.46
0.00 5.77 0.91 93.31
0.00 5.99 0.76 93.25
0.00 5.81 0.82 93.37
0.00 5.74 0.85 93.40
0.00 5.78 0.76 93.47
0.00 5.77 0.88 93.35
0.00 5.86 0.82 93.32
0.00 5.68 0.85 93.46
0.00 5.68 0.91 93.41
0.00 5.80 0.88 93.31
0.00 5.83 0.82 93.35
0.00 5.83 0.85 93.31
0.00 5.77 0.88 93.34
0.00 5.62 0.82 93.55
0.00 5.65 0.88 93.47
0.00 5.75 1.45 92.80
0.00 5.65 0.85 93.50
0.00 5.74 0.95 93.32
0.00 5.63 0.79 93.58
