iowait system user idle 
0.06 0.16 0.06 99.72
1.16 0.75 0.22 97.87
2.31 0.13 0.38 97.19
2.39 1.98 0.32 95.31
3.85 5.20 0.98 89.97
4.79 4.76 0.85 89.60
4.16 4.79 0.79 90.26
2.80 4.91 0.85 91.43
2.30 5.23 0.85 91.61
2.27 5.45 0.76 91.53
2.87 5.48 0.76 90.90
1.80 5.58 0.98 91.65
3.56 5.67 0.82 89.95
1.73 5.57 0.82 91.88
1.26 5.57 0.91 92.26
0.79 5.54 0.91 92.77
0.31 5.54 0.82 93.32
0.09 5.76 0.85 93.30
0.28 5.66 0.79 93.27
0.88 5.57 0.88 92.67
0.25 5.64 0.85 93.26
0.35 5.85 0.88 92.92
0.19 5.60 0.85 93.36
0.35 5.63 0.88 93.14
0.66 5.76 0.88 92.69
0.44 5.57 0.91 93.07
0.06 5.67 0.88 93.38
0.79 5.57 0.79 92.85
0.28 5.38 1.01 93.32
0.19 5.79 0.91 93.11
0.16 5.76 0.82 93.26
0.28 5.61 0.79 93.32
0.44 5.63 0.82 93.11
0.35 5.45 0.79 93.41
0.19 4.77 0.97 94.07
