iowait system user idle 
0.04 0.08 0.05 99.83
1.60 0.78 0.19 97.43
0.41 0.09 0.38 99.12
2.20 2.26 0.31 95.22
4.11 6.29 0.92 88.69
4.11 6.00 0.95 88.94
4.23 5.90 0.92 88.95
4.29 6.24 0.85 88.62
4.26 6.18 0.91 88.65
4.82 6.43 0.98 87.78
3.98 6.25 0.98 88.79
1.48 6.68 0.91 90.93
1.57 6.86 0.98 90.59
2.71 7.02 1.01 89.27
1.13 7.20 1.01 90.66
2.04 7.26 0.91 89.78
2.58 7.42 0.85 89.15
2.38 7.81 0.97 88.84
1.38 7.63 0.91 90.07
1.25 8.15 0.94 89.66
0.60 8.15 0.88 90.38
1.00 8.16 0.85 89.99
1.19 8.21 0.88 89.72
2.44 8.18 0.97 88.40
1.47 8.24 0.88 89.41
1.07 8.24 0.88 89.82
0.85 8.24 0.85 90.07
2.48 8.18 0.88 88.46
0.88 8.08 1.03 90.01
1.82 8.12 0.94 89.13
1.94 8.27 0.85 88.94
1.97 8.18 0.88 88.97
1.38 8.15 0.91 89.56
1.50 8.21 0.88 89.40
1.07 8.12 0.88 89.93
2.13 8.24 0.85 88.78
1.50 8.18 0.94 89.38
1.91 8.27 0.88 88.94
