iowait system user idle 
0.02 0.07 0.19 99.72
0.69 1.44 2.00 95.88
0.00 2.50 3.75 93.75
0.00 3.90 3.46 92.64
0.00 5.22 3.13 91.64
0.00 5.29 3.11 91.60
0.00 5.35 3.17 91.48
0.00 5.22 3.17 91.61
0.00 5.10 3.23 91.66
0.00 5.31 3.29 91.40
0.00 5.17 3.14 91.70
0.00 5.16 3.20 91.64
0.00 5.50 3.06 91.44
0.00 5.35 3.10 91.55
0.00 5.16 3.20 91.64
0.00 5.01 3.30 91.70
0.00 5.26 3.10 91.64
0.00 5.29 3.23 91.48
0.00 5.38 3.13 91.49
0.00 5.44 3.07 91.50
0.00 5.41 3.13 91.46
0.00 5.17 3.23 91.60
0.00 5.29 3.08 91.63
0.00 5.26 3.17 91.57
0.00 5.25 3.29 91.45
0.00 5.51 3.01 91.48
0.00 5.32 3.13 91.55
0.00 5.44 3.07 91.49
0.00 5.29 3.11 91.60
0.00 2.63 0.72 96.65
1.03 1.34 0.34 97.28
1.63 0.16 0.28 97.94
0.16 0.03 0.03 99.78
