iowait system user idle 
0.07 0.34 0.07 99.52
3.25 0.03 0.59 96.12
3.34 0.03 0.00 96.62
3.53 0.03 0.00 96.44
3.66 0.41 0.09 95.84
4.22 0.53 0.09 95.16
2.13 0.16 0.69 97.03
1.01 11.86 0.41 86.73
0.00 28.61 0.78 70.60
0.00 27.73 0.91 71.37
0.00 27.86 0.84 71.29
0.00 27.78 0.91 71.31
0.09 27.92 0.84 71.14
0.00 27.87 0.84 71.29
0.00 27.75 0.91 71.34
0.00 27.86 0.84 71.29
0.00 27.74 0.94 71.33
0.00 27.78 0.91 71.31
0.00 27.96 0.81 71.23
0.00 27.77 0.85 71.38
0.00 27.75 0.84 71.40
0.00 27.81 0.88 71.31
0.00 27.81 0.94 71.25
0.00 27.78 0.91 71.32
0.00 27.77 0.88 71.35
0.00 27.76 0.81 71.42
0.00 27.78 0.78 71.44
0.00 27.70 0.88 71.42
0.03 27.79 0.88 71.30
0.00 27.82 0.78 71.39
0.00 27.74 0.91 71.36
0.00 27.80 0.91 71.29
0.00 27.78 0.85 71.37
0.00 27.75 0.85 71.41
0.00 27.91 0.88 71.21
0.00 27.83 0.81 71.35
0.00 27.85 0.78 71.37
0.00 27.76 0.91 71.33
0.00 27.65 0.94 71.42
0.00 27.88 0.78 71.34
0.00 27.74 0.81 71.45
