iowait system user idle 
0.08 0.44 0.07 99.41
1.97 0.53 0.16 97.34
3.85 0.53 0.44 95.18
1.63 0.06 0.25 98.06
5.27 27.84 0.85 66.04
4.01 27.45 0.88 67.67
3.22 27.36 0.94 68.47
2.03 27.28 0.97 69.72
2.41 27.23 0.94 69.42
3.16 27.28 0.88 68.68
1.22 27.28 0.91 70.60
0.00 27.27 0.88 72.48
1.31 27.29 0.94 70.45
0.94 27.32 0.88 70.87
1.09 27.33 0.88 70.70
1.44 27.28 0.91 70.38
0.25 27.41 0.78 71.55
0.34 27.28 0.91 71.46
0.72 27.24 0.94 71.11
0.19 27.32 0.85 71.64
0.22 27.17 1.00 71.61
0.53 27.31 0.78 71.37
0.31 27.28 0.91 71.50
1.72 27.39 0.88 70.01
2.60 27.34 0.81 69.25
2.66 27.29 0.91 69.15
1.16 27.28 0.97 70.60
1.72 21.71 0.94 75.63
