iowait system user idle 
0.02 0.07 0.20 99.71
0.72 1.03 4.88 93.38
0.00 2.47 13.18 84.35
0.00 5.18 12.15 82.67
0.00 10.21 10.44 79.35
0.00 10.24 10.24 79.52
0.00 10.51 10.19 79.30
0.00 10.15 10.35 79.50
0.00 10.23 10.29 79.48
0.00 10.30 10.36 79.33
0.00 10.43 10.27 79.31
0.00 10.41 10.18 79.41
0.00 10.24 10.31 79.45
0.00 7.97 7.40 84.63
0.00 2.53 0.59 96.88
1.00 1.69 0.41 96.91
1.94 0.13 0.28 97.65
0.03 0.06 0.03 99.88
