iowait system user idle 
0.02 0.09 0.22 99.66
1.12 1.44 26.78 70.66
0.00 2.50 50.61 46.89
0.00 15.75 50.58 33.68
0.00 27.29 50.77 21.94
0.06 27.45 50.59 21.89
0.00 27.48 50.58 21.94
0.00 27.44 50.62 21.94
0.00 27.41 50.64 21.94
0.00 27.38 50.66 21.97
0.00 27.44 50.62 21.94
0.00 27.56 50.50 21.94
0.00 27.42 50.63 21.95
0.00 27.34 50.72 21.94
0.00 27.54 50.52 21.94
0.00 27.34 50.69 21.97
0.00 27.48 50.58 21.94
0.00 27.45 50.59 21.95
0.00 27.49 50.56 21.95
0.00 27.50 50.56 21.94
0.00 3.53 2.41 94.06
0.69 1.38 0.31 97.62
0.31 0.03 0.16 99.50
0.00 0.00 0.00 100.00
