iowait system user idle 
0.07 0.21 0.06 99.67
1.31 0.78 0.19 97.72
1.09 0.16 0.38 98.37
1.19 1.19 0.19 97.43
3.16 5.37 0.85 90.61
3.65 4.88 0.85 90.62
3.15 4.56 0.88 91.41
2.49 4.57 0.72 92.22
1.76 4.78 0.69 92.77
1.26 4.81 0.82 93.11
0.35 4.78 0.79 94.09
0.00 4.75 0.79 95.06
0.79 4.72 0.85 93.64
2.55 4.81 0.72 91.91
2.99 4.85 0.88 91.28
2.87 4.69 0.85 91.59
1.83 4.72 0.85 92.60
0.00 4.81 0.79 94.56
0.44 4.50 0.94 94.11
0.00 4.74 0.69 94.69
0.44 4.79 0.85 93.92
0.13 5.01 0.79 94.08
0.47 5.04 0.79 93.70
2.87 5.07 0.79 91.28
2.77 5.13 0.82 91.28
3.02 4.91 0.85 91.22
3.02 5.13 0.82 91.04
1.29 5.22 0.79 92.70
2.96 5.22 0.88 90.94
2.58 5.29 0.82 91.32
3.05 5.13 0.79 91.03
2.74 5.10 0.85 91.30
0.47 5.11 0.79 93.63
0.00 5.17 0.82 94.33
0.06 5.25 0.85 93.84
1.32 5.41 0.72 92.54
0.25 5.23 1.42 93.10
0.00 5.10 0.85 94.21
1.48 5.22 0.75 92.55
0.00 5.32 0.79 93.90
0.60 5.22 0.85 93.33
0.09 5.19 0.79 93.93
0.09 5.25 0.76 93.90
0.13 5.16 0.76 93.96
0.13 5.29 0.79 93.80
1.54 5.23 0.82 92.41
2.71 5.41 0.88 91.00
0.19 5.44 0.75 93.61
0.94 5.22 0.82 93.01
2.89 5.25 0.79 91.06
3.04 3.89 0.63 92.44
