iowait system user idle 
0.06 0.15 0.05 99.74
3.41 0.03 0.03 96.53
3.32 0.00 0.00 96.68
3.63 0.31 0.09 95.97
2.85 0.34 0.06 96.74
0.94 0.22 0.56 98.28
1.01 3.18 0.57 95.25
0.00 6.13 0.91 92.96
0.00 5.57 0.79 93.65
0.00 5.22 0.82 93.96
0.06 4.85 0.82 94.27
0.00 4.97 0.82 94.22
0.00 4.88 0.79 94.33
0.00 5.00 0.85 94.15
0.00 4.94 0.85 94.22
0.00 4.91 0.79 94.30
0.00 5.00 0.85 94.15
0.00 4.94 0.85 94.21
0.00 4.94 0.91 94.15
0.00 5.00 0.76 94.24
0.00 4.94 0.82 94.24
0.00 4.97 0.91 94.12
0.00 5.00 0.79 94.22
0.00 4.94 0.72 94.34
0.00 5.03 0.79 94.18
0.00 4.91 0.82 94.27
0.00 4.94 0.79 94.27
0.00 4.94 0.85 94.21
0.00 4.91 0.88 94.21
0.00 5.01 0.79 94.20
0.00 5.18 0.72 94.09
0.00 4.73 0.85 94.42
0.00 5.02 0.88 94.10
0.00 4.97 0.88 94.15
0.16 5.00 0.82 94.02
0.00 4.85 0.82 94.33
0.00 4.97 0.85 94.18
0.00 4.76 0.91 94.33
0.00 4.87 0.85 94.28
0.00 4.91 0.82 94.27
0.00 4.91 0.79 94.30
0.00 4.82 0.76 94.42
0.00 5.00 0.76 94.24
0.00 4.91 0.76 94.33
0.00 4.72 0.91 94.36
0.00 4.82 0.82 94.36
0.00 4.85 0.76 94.40
0.00 4.97 0.79 94.25
0.00 4.75 0.82 94.43
0.00 4.97 0.82 94.21
0.00 5.06 0.72 94.21
0.00 4.94 0.82 94.24
0.00 4.88 0.82 94.30
0.00 4.94 0.88 94.18
0.00 4.88 0.85 94.27
0.00 4.97 0.79 94.24
0.00 4.91 0.91 94.18
0.00 4.91 1.32 93.77
