iowait system user idle 
0.05 0.10 0.05 99.81
0.53 0.06 0.03 99.38
2.16 0.03 0.00 97.81
0.75 0.50 0.09 98.65
0.47 1.06 0.03 98.43
1.19 0.41 0.63 97.78
0.57 3.78 0.47 95.18
0.00 6.63 0.82 92.55
0.00 5.88 0.92 93.20
0.00 5.84 0.85 93.31
0.00 5.74 0.88 93.37
0.00 5.71 0.85 93.44
0.00 5.59 0.79 93.62
0.00 5.70 0.88 93.42
0.00 5.77 0.91 93.32
0.00 5.77 0.82 93.41
0.00 5.71 0.98 93.31
0.00 5.89 0.91 93.19
0.00 5.59 0.88 93.53
0.00 5.84 0.76 93.40
0.00 5.89 0.85 93.26
0.00 5.93 0.85 93.22
0.00 5.55 0.88 93.56
0.00 5.70 0.98 93.32
0.00 5.59 0.82 93.59
0.00 5.74 0.91 93.35
0.00 5.71 0.88 93.40
0.00 5.72 0.82 93.46
0.16 5.69 0.85 93.30
0.00 5.65 0.92 93.44
0.00 5.75 0.85 93.40
0.00 5.87 0.79 93.35
0.00 5.74 0.82 93.44
0.09 5.63 0.88 93.39
0.00 5.67 0.95 93.38
0.00 5.77 0.88 93.34
0.06 5.74 0.95 93.25
0.00 5.68 0.92 93.40
0.00 5.84 0.88 93.28
0.00 5.65 0.91 93.44
0.00 5.62 1.51 92.87
0.06 5.61 0.91 93.41
0.00 6.00 0.82 93.18
0.00 5.81 0.88 93.31
0.00 5.80 0.82 93.38
0.00 5.65 0.95 93.40
0.00 5.80 0.91 93.28
0.00 5.65 0.88 93.47
0.00 5.58 0.95 93.47
0.00 5.80 0.85 93.35
0.00 5.80 0.91 93.28
0.00 6.05 0.76 93.19
0.00 5.80 0.79 93.41
0.00 5.86 0.85 93.28
0.00 5.84 0.82 93.34
0.00 5.90 0.79 93.32
0.00 5.81 0.82 93.37
0.00 5.95 0.85 93.19
0.00 5.77 0.88 93.34
0.00 5.80 0.82 93.38
0.00 5.80 0.82 93.38
0.00 5.77 0.85 93.38
0.00 5.77 0.91 93.31
0.00 6.02 0.82 93.16
0.00 5.81 0.79 93.40
0.00 5.70 0.85 93.44
