iowait system user idle 
0.08 0.46 0.07 99.39
0.97 1.06 0.12 97.84
0.88 1.69 0.13 97.31
2.03 0.19 0.31 97.47
2.47 0.41 0.13 97.00
4.92 28.59 0.98 65.51
4.47 27.41 0.94 67.18
2.88 27.24 0.91 68.97
1.78 27.21 1.00 70.01
1.31 27.33 0.88 70.48
2.10 27.17 0.94 69.80
1.69 27.23 0.91 70.17
1.53 27.22 0.91 70.34
3.00 27.25 0.97 68.77
1.60 27.02 1.03 70.35
1.03 27.18 0.94 70.85
1.03 26.82 1.00 71.15
1.19 26.16 1.07 71.58
1.57 26.80 1.03 70.60
1.57 26.25 1.00 71.17
1.16 25.33 0.97 72.53
1.67 25.55 0.88 71.90
1.63 25.64 1.07 71.66
1.91 26.72 0.91 70.46
2.23 26.57 1.00 70.20
2.20 25.93 0.97 70.90
2.95 17.33 0.97 78.75
