iowait system user idle 
0.08 0.49 0.07 99.36
1.44 0.78 0.19 97.59
3.88 0.31 0.59 95.22
3.76 5.70 0.22 90.32
5.43 29.42 0.97 64.18
5.32 28.39 0.78 65.51
3.51 28.02 0.94 67.53
2.69 28.23 0.75 68.33
1.41 27.96 0.88 69.76
3.13 28.04 0.81 68.02
2.41 28.00 0.85 68.74
1.97 28.11 0.78 69.14
1.16 27.96 0.85 70.04
1.85 28.06 0.84 69.25
1.19 27.91 0.91 69.99
1.66 28.01 0.84 69.49
1.44 27.85 0.88 69.84
1.88 27.72 0.97 69.43
2.00 27.86 0.85 69.30
1.69 27.90 0.88 69.53
1.88 27.85 0.85 69.42
0.22 27.77 1.44 70.57
1.66 27.87 0.85 69.62
0.84 27.88 0.84 70.43
0.97 27.82 0.94 70.28
0.91 27.96 0.85 70.29
0.88 27.75 0.85 70.53
1.16 27.91 0.81 70.12
0.03 28.02 0.85 71.10
1.44 28.05 0.81 69.70
1.88 27.98 0.78 69.36
1.10 27.86 0.88 70.16
1.35 27.89 0.88 69.89
1.85 27.95 0.85 69.36
1.94 28.05 0.75 69.26
1.41 27.92 0.85 69.83
1.44 27.72 0.85 69.99
