iowait system user idle 
0.02 0.09 0.22 99.68
0.63 1.28 5.91 92.18
0.00 2.56 13.09 84.34
0.00 13.69 13.13 73.18
0.00 27.12 13.17 59.71
0.00 26.83 13.73 59.44
0.00 27.05 13.23 59.72
0.00 27.04 13.18 59.78
0.00 27.12 13.17 59.71
0.00 27.23 13.07 59.71
0.00 27.15 13.14 59.71
0.00 27.11 13.16 59.72
0.00 27.10 13.14 59.76
0.00 27.21 13.07 59.71
0.00 26.99 13.26 59.74
0.00 27.12 13.23 59.65
0.00 27.13 13.14 59.73
0.00 27.07 13.22 59.71
0.00 27.10 13.22 59.67
0.00 27.09 13.20 59.71
0.00 27.08 13.20 59.72
0.00 27.15 13.14 59.71
0.00 27.12 13.17 59.71
0.00 26.70 12.94 60.36
0.00 2.59 0.56 96.84
0.50 1.50 0.41 97.59
1.25 0.03 0.16 98.56
0.00 0.00 0.00 100.00
