iowait system user idle 
0.04 0.09 0.05 99.82
3.50 0.03 0.00 96.47
2.47 0.03 0.03 97.47
1.50 0.81 0.66 97.03
0.69 1.10 0.03 98.18
0.94 0.16 0.56 98.34
0.32 4.83 0.66 94.19
0.00 6.03 0.85 93.12
0.00 5.90 1.01 93.09
0.06 5.84 0.85 93.25
0.00 5.87 0.82 93.31
0.00 5.77 0.98 93.25
0.00 5.65 0.85 93.49
0.00 5.68 0.92 93.40
0.00 5.89 0.95 93.16
0.00 5.71 0.88 93.41
0.00 5.62 0.88 93.50
0.00 5.68 0.85 93.47
0.00 5.80 0.88 93.31
0.00 5.77 0.85 93.38
0.00 5.86 0.85 93.29
0.00 5.68 0.85 93.47
0.00 5.77 0.85 93.38
0.00 5.68 0.85 93.46
0.00 5.68 0.88 93.43
0.00 5.92 0.94 93.14
0.00 5.83 0.85 93.32
0.00 5.74 0.95 93.31
0.06 5.74 0.91 93.28
0.00 5.83 0.82 93.35
0.00 5.71 0.82 93.47
0.00 5.80 0.82 93.38
0.00 5.77 0.88 93.35
0.13 5.46 0.92 93.50
0.00 5.33 0.88 93.79
0.00 5.74 0.88 93.38
0.00 5.71 0.85 93.43
0.00 5.65 0.88 93.47
0.00 5.74 0.79 93.47
0.06 5.83 0.85 93.25
0.00 5.62 0.85 93.52
0.00 5.65 0.91 93.44
0.00 5.52 0.91 93.56
0.00 5.86 0.85 93.29
0.00 5.68 0.85 93.47
0.00 5.77 0.88 93.35
0.00 5.55 0.92 93.53
0.00 5.87 0.82 93.31
0.00 5.96 0.79 93.25
0.00 5.62 0.88 93.50
0.00 5.71 0.91 93.38
0.00 5.49 0.88 93.62
0.00 5.86 0.85 93.29
0.00 5.71 0.88 93.41
0.00 5.99 0.79 93.22
0.00 5.71 0.91 93.38
0.00 5.81 0.82 93.37
0.00 5.80 0.85 93.35
0.00 5.56 0.92 93.53
0.00 5.53 0.92 93.55
0.00 5.89 0.88 93.23
