iowait system user idle 
0.08 0.58 0.08 99.25
1.03 1.06 0.09 97.81
1.28 1.66 0.13 96.93
1.50 0.09 0.50 97.90
1.85 8.17 0.25 89.73
5.42 32.76 0.85 60.97
4.46 30.29 0.97 64.28
4.65 30.40 1.04 63.91
4.20 30.23 0.88 64.69
2.73 30.18 0.75 66.34
3.86 30.07 0.88 65.19
3.42 30.29 0.85 65.44
4.68 31.11 0.88 63.33
2.67 29.98 0.88 66.48
1.88 29.57 0.78 67.77
2.47 29.97 0.88 66.68
2.16 30.36 0.85 66.64
1.60 30.09 0.88 67.43
1.85 30.35 0.88 66.93
1.50 30.37 0.81 67.31
1.63 30.39 0.82 67.17
1.69 30.31 0.78 67.21
1.91 29.62 0.91 67.56
2.10 29.74 0.82 67.35
1.98 29.43 0.94 67.65
1.54 29.80 0.91 67.76
1.94 29.58 0.88 67.60
2.13 30.47 0.82 66.58
1.73 30.27 0.78 67.22
2.13 30.14 0.75 66.97
2.10 30.13 0.85 66.93
1.66 29.85 0.94 67.55
2.29 29.86 0.94 66.92
1.69 29.79 0.88 67.64
2.01 30.08 0.88 67.03
1.25 29.44 0.88 68.43
1.88 29.64 0.91 67.57
1.85 29.22 0.88 68.05
2.23 29.94 0.91 66.92
1.82 30.08 0.91 67.19
1.97 30.14 0.78 67.11
1.72 30.23 0.88 67.17
1.79 29.65 0.97 67.60
2.10 30.30 0.85 66.75
2.04 30.64 0.78 66.53
2.23 30.47 0.91 66.39
1.82 30.13 0.85 67.20
1.66 30.14 0.85 67.35
1.75 30.76 0.88 66.60
1.44 30.05 0.91 67.60
1.72 29.40 0.88 67.99
2.01 29.56 0.85 67.59
2.04 29.78 0.88 67.30
2.07 20.24 0.82 76.87
