iowait system user idle 
0.08 0.51 0.07 99.34
1.06 1.16 0.09 97.69
1.10 1.72 0.13 97.06
4.31 0.16 0.50 95.03
3.26 0.97 0.13 95.65
4.37 28.58 0.85 66.20
3.54 28.02 0.81 67.63
1.84 28.02 0.84 69.29
2.22 27.76 0.85 69.17
1.44 27.72 0.81 70.03
2.94 27.75 0.78 68.52
2.47 27.55 0.97 69.00
2.97 27.74 0.85 68.44
1.69 27.71 0.85 69.76
1.06 27.69 0.91 70.34
0.66 27.42 0.88 71.05
0.81 27.42 0.85 70.92
0.25 27.66 0.81 71.28
0.44 27.55 0.85 71.16
0.31 27.78 0.88 71.04
0.06 27.70 0.88 71.36
0.44 27.65 0.91 71.00
0.44 27.65 0.78 71.13
1.03 27.52 0.94 70.51
1.50 27.80 0.75 69.94
1.47 27.72 0.81 70.00
0.00 27.69 0.81 71.50
1.85 27.78 0.84 69.52
1.03 27.63 0.88 70.46
0.56 27.71 0.84 70.88
1.19 27.61 0.88 70.32
1.44 27.65 0.81 70.09
0.72 27.65 0.88 70.75
1.31 27.75 0.84 70.09
0.09 27.65 0.91 71.35
0.28 27.70 0.81 71.21
0.34 27.74 0.81 71.10
1.35 27.64 0.88 70.14
