iowait system user idle 
0.06 0.19 0.06 99.69
0.59 0.06 0.03 99.31
0.84 0.00 0.00 99.16
0.81 0.06 0.00 99.12
1.63 0.34 0.13 97.90
0.28 0.44 0.38 98.90
1.13 0.09 0.34 98.44
0.28 6.64 0.91 92.16
0.00 5.92 0.85 93.23
0.00 5.35 0.88 93.77
0.03 5.51 0.98 93.49
0.00 5.70 0.76 93.55
0.00 5.70 0.85 93.46
0.00 5.60 0.79 93.61
0.00 5.79 0.79 93.43
0.00 5.76 0.88 93.36
0.00 5.76 0.88 93.36
0.00 5.57 0.82 93.61
0.00 5.73 0.82 93.45
0.00 5.82 0.88 93.30
0.00 5.51 0.85 93.64
0.00 5.33 0.85 93.82
0.00 5.51 0.76 93.73
0.00 5.60 0.88 93.52
0.00 5.39 0.91 93.70
0.00 5.35 0.88 93.77
0.00 5.73 0.88 93.39
0.00 5.50 0.94 93.55
0.16 5.51 0.82 93.51
0.00 5.63 0.88 93.49
0.00 5.35 0.91 93.74
0.00 5.82 0.85 93.34
0.00 5.29 0.91 93.79
0.00 5.73 0.79 93.49
0.00 5.85 0.88 93.27
0.00 5.82 0.82 93.36
0.00 5.81 0.82 93.37
0.00 5.39 0.79 93.82
0.00 5.66 0.75 93.58
0.00 5.60 0.82 93.58
0.09 5.48 0.76 93.68
