iowait system user idle 
0.05 0.11 0.05 99.80
1.56 0.78 0.16 97.50
0.44 0.12 0.41 99.03
3.40 2.58 0.38 93.63
4.33 6.61 0.92 88.14
3.92 6.13 0.82 89.12
3.97 5.99 0.91 89.12
3.82 5.78 0.95 89.45
4.32 5.78 0.88 89.02
3.88 6.05 0.91 89.16
2.18 5.99 0.85 90.98
1.11 5.78 0.88 92.23
2.02 5.90 0.92 91.16
2.08 5.93 0.91 91.08
1.83 5.68 0.95 91.54
1.86 5.99 0.85 91.29
1.55 5.84 0.88 91.72
2.34 5.94 0.79 90.94
1.92 6.00 0.88 91.20
1.67 6.06 1.45 90.82
2.40 6.02 0.85 90.73
1.99 5.93 0.85 91.22
1.17 5.99 0.82 92.02
2.15 5.84 0.98 91.04
2.02 6.18 0.88 90.92
1.92 5.96 0.92 91.20
2.37 6.12 0.82 90.69
1.80 6.12 0.82 91.26
2.11 6.27 0.82 90.79
2.11 6.20 0.91 90.77
1.45 6.24 0.82 91.49
1.92 6.15 0.91 91.01
2.02 6.19 0.88 90.91
1.26 6.06 0.82 91.86
1.51 6.31 0.95 91.23
1.83 6.30 0.91 90.96
2.15 6.13 0.79 90.94
1.45 6.09 0.91 91.55
1.70 6.28 0.82 91.20
1.83 6.34 0.79 91.04
1.29 6.25 0.95 91.51
2.34 6.34 0.82 90.50
1.92 6.43 0.82 90.83
1.48 6.32 0.85 91.35
1.89 6.56 0.79 90.76
1.95 6.49 1.01 90.55
1.73 6.49 0.91 90.86
1.83 6.31 0.95 90.91
1.26 6.59 0.79 91.36
2.18 6.43 0.91 90.48
1.55 6.53 0.82 91.11
1.55 6.53 0.85 91.07
1.80 6.50 0.88 90.82
2.62 6.56 0.91 89.91
2.55 6.65 0.91 89.88
1.10 6.78 0.82 91.30
1.26 6.77 0.85 91.12
1.20 6.69 0.82 91.29
1.95 6.74 0.91 90.39
