iowait system user idle 
0.08 0.57 0.08 99.27
0.88 0.03 0.00 99.09
1.06 0.03 0.00 98.91
1.22 0.31 0.09 98.37
0.88 1.63 0.06 97.44
1.97 0.88 0.59 96.56
1.50 0.19 0.41 97.90
0.00 32.69 0.73 66.58
0.00 31.70 0.72 67.58
0.00 31.47 0.88 67.65
0.03 30.99 0.75 68.23
0.00 31.97 0.85 67.18
0.00 31.29 0.88 67.83
0.00 30.84 0.88 68.29
0.00 31.31 0.88 67.81
0.00 30.78 0.78 68.43
0.00 30.57 0.88 68.56
0.00 31.01 0.97 68.02
0.00 30.73 0.81 68.45
0.00 30.65 0.81 68.54
0.00 31.96 0.97 67.07
0.00 31.66 0.85 67.49
0.00 31.76 0.94 67.30
0.00 31.39 0.85 67.76
0.00 31.72 0.94 67.34
0.00 31.22 0.75 68.02
0.00 30.99 0.81 68.19
0.06 30.78 0.88 68.28
0.00 31.27 0.94 67.79
0.00 32.27 0.94 66.79
0.00 31.56 0.91 67.53
0.00 31.31 0.78 67.91
0.00 31.33 0.91 67.76
0.16 32.07 0.97 66.80
0.00 31.62 0.72 67.66
0.00 31.09 0.91 68.00
0.06 31.45 0.78 67.70
0.06 31.87 0.81 67.25
0.00 30.99 0.82 68.19
0.00 30.55 0.97 68.48
0.00 30.73 0.78 68.48
0.00 30.96 0.88 68.16
0.03 31.45 0.81 67.70
0.06 31.09 0.78 68.07
0.00 30.58 0.91 68.51
0.00 31.57 0.85 67.59
0.00 31.46 0.91 67.63
0.00 31.68 0.75 67.57
0.00 32.56 0.85 66.59
0.00 31.51 0.78 67.70
0.00 31.53 0.85 67.63
0.00 31.36 0.85 67.80
0.00 31.67 0.88 67.45
0.00 31.58 0.85 67.57
0.00 30.04 1.44 68.52
0.00 32.25 0.85 66.91
0.00 31.47 0.82 67.71
