iowait system user idle 
0.07 0.33 0.07 99.53
1.00 1.06 0.09 97.84
2.85 1.28 0.16 95.71
2.31 0.09 0.50 97.09
1.63 2.60 0.16 95.61
4.54 30.40 0.91 64.15
4.57 27.83 0.78 66.81
6.00 27.89 0.91 65.20
2.91 27.76 0.97 68.36
4.19 27.66 0.97 67.18
4.23 27.82 0.81 67.14
4.41 27.79 0.88 66.92
3.35 27.76 0.88 68.01
4.57 27.69 0.88 66.87
3.22 27.80 0.85 68.13
1.85 27.73 0.85 69.58
0.53 27.88 0.84 70.74
0.47 27.86 0.88 70.80
0.47 27.91 0.84 70.78
2.38 27.72 0.97 68.93
2.10 27.93 0.81 69.16
2.07 27.74 0.91 69.29
2.22 27.93 0.78 69.06
0.53 27.80 0.81 70.85
1.85 27.78 0.91 69.46
2.16 27.78 0.84 69.21
0.47 27.92 0.81 70.79
0.72 27.82 0.88 70.58
2.41 27.84 0.88 68.87
1.41 27.84 0.85 69.90
0.44 27.84 0.81 70.91
1.16 27.86 0.85 70.14
0.41 27.86 0.85 70.89
1.69 27.70 0.94 69.67
1.44 27.65 0.88 70.04
2.13 27.65 0.91 69.32
1.32 27.69 0.91 70.09
0.78 27.71 0.94 70.57
2.38 17.74 0.84 79.04
