iowait system user idle 
0.04 0.08 0.04 99.83
0.28 0.06 0.03 99.62
1.03 0.28 0.09 98.59
1.10 0.44 0.06 98.40
1.06 0.16 0.53 98.25
0.66 3.60 0.57 95.17
0.00 4.79 0.79 94.42
0.00 4.57 0.85 94.58
0.00 4.57 0.73 94.70
0.00 4.44 0.88 94.67
0.00 4.69 0.79 94.52
0.00 4.63 0.76 94.61
0.00 4.76 0.72 94.52
0.00 4.60 0.88 94.52
0.00 4.57 0.79 94.64
0.00 4.54 0.79 94.67
0.00 4.57 0.82 94.61
0.00 4.59 0.88 94.52
0.00 4.66 0.76 94.58
0.00 4.54 0.79 94.67
0.00 4.45 0.85 94.70
0.00 4.42 0.91 94.67
0.00 4.54 0.82 94.64
0.00 4.60 0.73 94.67
0.00 4.54 0.79 94.67
0.00 4.51 0.76 94.73
0.00 4.60 0.85 94.55
0.00 4.51 0.82 94.67
0.00 4.69 0.79 94.52
0.00 4.57 0.85 94.58
0.00 4.57 0.69 94.73
0.00 4.63 0.85 94.52
0.00 4.57 0.82 94.61
0.00 4.48 0.82 94.70
0.00 4.42 0.82 94.76
0.00 4.48 0.79 94.73
0.00 4.51 0.79 94.70
0.00 4.66 0.72 94.61
0.00 4.72 0.79 94.50
0.00 4.45 0.82 94.73
0.00 4.66 0.76 94.58
0.00 4.59 0.85 94.56
0.00 4.57 0.79 94.64
0.00 4.48 1.32 94.20
0.00 4.42 0.85 94.73
0.25 4.64 0.66 94.45
0.00 4.72 0.69 94.58
0.00 4.56 0.88 94.55
0.00 4.63 0.76 94.62
0.00 4.51 0.82 94.67
0.00 4.48 0.82 94.71
0.00 4.63 0.72 94.64
0.00 4.51 0.79 94.70
