iowait system user idle 
0.02 0.08 0.21 99.69
0.53 1.69 31.38 66.40
0.00 2.53 50.61 46.86
0.00 5.97 50.24 43.79
0.00 8.22 49.90 41.88
0.00 8.23 49.86 41.92
0.00 7.81 50.21 41.98
0.00 8.20 49.92 41.88
0.00 8.14 49.90 41.96
0.00 8.22 49.95 41.83
0.00 7.99 50.11 41.89
0.00 8.35 49.79 41.86
0.00 8.22 49.90 41.88
0.00 8.12 49.90 41.97
0.00 8.03 50.03 41.93
0.00 8.28 49.89 41.84
0.00 8.22 49.97 41.82
0.00 6.16 31.29 62.55
0.00 2.56 0.56 96.88
0.75 1.03 0.34 97.87
0.47 0.03 0.03 99.47
0.00 0.00 0.00 100.00
