iowait system user idle 
0.04 0.08 0.04 99.84
1.16 0.63 0.16 98.06
1.38 0.09 0.38 98.16
1.92 1.79 0.22 96.07
3.63 5.39 0.88 90.09
3.88 4.73 0.91 90.48
3.03 4.82 0.82 91.33
3.46 5.03 0.79 90.72
3.38 5.02 0.82 90.79
3.47 5.20 0.88 90.45
3.43 5.38 0.94 90.24
2.96 5.48 0.82 90.73
3.65 5.67 0.82 89.86
2.55 5.89 0.91 90.65
3.06 5.80 0.85 90.30
2.61 5.79 0.88 90.71
1.54 5.78 0.82 91.86
1.86 5.83 0.82 91.50
2.71 5.73 0.88 90.69
2.45 5.88 0.76 90.91
2.67 5.73 0.82 90.78
1.73 5.79 1.57 90.91
2.65 5.64 0.91 90.80
2.65 5.39 0.95 91.02
2.52 5.70 0.82 90.97
2.65 5.58 0.85 90.93
2.52 5.61 0.82 91.05
1.89 5.73 0.82 91.56
0.38 5.58 0.82 93.22
0.09 5.76 0.91 93.23
0.00 6.04 0.66 93.33
2.55 5.76 0.91 90.77
2.81 5.58 0.79 90.82
