iowait system user idle 
0.02 0.11 0.24 99.63
0.53 1.69 7.75 90.03
0.00 2.56 13.06 84.38
0.00 10.57 11.74 77.68
0.00 13.57 10.01 76.41
0.06 13.33 9.92 76.68
0.00 13.32 9.97 76.71
0.00 13.58 10.06 76.36
0.00 13.30 9.95 76.75
0.00 13.40 9.80 76.80
0.00 13.39 10.05 76.57
0.00 13.27 10.12 76.61
0.00 13.39 9.98 76.63
0.00 13.40 9.96 76.63
0.00 7.74 5.31 86.95
0.00 2.50 0.66 96.84
1.50 1.16 0.34 97.00
1.03 0.06 0.09 98.81
0.00 0.00 0.03 99.97
