iowait system user idle 
0.06 0.16 0.06 99.73
0.84 0.03 0.00 99.12
0.38 0.03 0.03 99.56
0.56 0.34 0.09 99.00
0.16 1.19 0.00 98.65
0.56 0.88 0.38 98.18
1.00 0.19 0.28 98.53
0.19 6.81 0.86 92.14
0.00 6.19 0.79 93.02
0.00 5.96 0.82 93.22
0.06 5.93 0.85 93.16
0.00 5.90 0.79 93.31
0.00 5.68 0.88 93.44
0.00 5.65 0.82 93.52
0.00 5.62 0.79 93.59
0.00 5.90 0.85 93.25
0.00 5.65 0.85 93.50
0.00 5.71 0.91 93.38
0.00 5.77 0.85 93.38
0.00 5.62 0.92 93.47
0.00 5.77 0.85 93.38
0.00 5.65 0.88 93.47
0.00 5.86 0.82 93.32
0.00 5.77 0.79 93.44
0.00 5.78 0.82 93.40
0.00 5.80 0.85 93.35
0.00 5.84 0.79 93.37
0.00 5.75 0.92 93.34
0.00 5.77 0.88 93.35
0.00 5.89 0.79 93.32
0.00 5.71 0.82 93.47
0.00 5.62 0.85 93.53
0.00 5.80 0.85 93.35
0.16 5.49 1.01 93.34
0.00 5.81 0.82 93.37
0.00 6.02 0.76 93.22
0.00 5.77 0.79 93.44
0.00 5.80 0.82 93.38
0.00 5.77 0.91 93.32
0.03 5.80 0.85 93.32
0.00 5.74 0.88 93.38
0.00 5.89 0.82 93.29
0.00 5.87 0.85 93.28
0.00 5.77 0.82 93.41
0.00 5.67 0.91 93.41
0.00 5.71 1.42 92.87
0.00 5.77 0.88 93.35
0.00 5.71 0.85 93.44
0.00 5.58 0.91 93.50
0.00 5.78 0.82 93.40
0.00 5.74 0.88 93.38
0.00 5.74 0.91 93.35
0.00 5.92 0.85 93.23
0.00 5.80 0.91 93.28
0.00 5.74 0.82 93.44
0.00 5.71 0.76 93.53
0.00 5.55 0.95 93.50
0.00 5.71 0.82 93.47
0.00 5.74 0.85 93.41
0.00 5.83 0.88 93.29
0.00 5.71 0.76 93.53
0.00 5.77 0.88 93.35
0.00 5.92 0.82 93.26
0.00 5.56 0.92 93.53
0.00 5.65 0.88 93.47
0.00 5.71 0.91 93.38
0.00 5.74 0.85 93.41
0.00 5.74 0.85 93.41
0.00 5.80 0.85 93.35
0.00 5.53 0.95 93.52
0.00 5.80 0.88 93.31
