iowait system user idle 
0.02 0.08 0.20 99.70
0.84 0.84 1.19 97.12
0.00 2.53 3.72 93.75
0.00 3.99 3.49 92.52
0.00 8.08 2.92 89.01
0.00 7.97 2.83 89.20
0.00 8.13 2.86 89.02
0.00 8.10 2.83 89.08
0.00 7.92 2.74 89.34
0.00 8.05 2.95 89.01
0.00 7.99 2.92 89.09
0.00 8.15 2.82 89.03
0.00 7.97 2.83 89.20
0.00 7.94 2.89 89.17
0.00 8.03 2.86 89.12
0.00 7.93 2.95 89.12
0.00 7.78 2.99 89.23
0.00 7.91 2.86 89.23
0.00 7.82 2.89 89.29
0.00 8.17 2.79 89.04
0.00 7.89 2.77 89.35
0.00 7.91 2.89 89.20
0.00 7.82 2.96 89.22
0.00 3.29 0.88 95.83
0.63 1.84 0.44 97.09
2.03 0.16 0.28 97.53
0.06 0.03 0.03 99.87
