iowait system user idle 
0.07 0.28 0.07 99.58
1.10 1.00 0.09 97.81
1.56 1.31 0.16 96.96
0.88 0.09 0.47 98.56
3.22 17.34 0.47 78.97
4.22 27.33 1.16 67.29
3.16 27.39 0.81 68.64
2.54 27.23 1.00 69.23
1.56 27.14 1.03 70.26
2.16 27.20 0.97 69.67
3.23 26.90 0.94 68.93
1.63 26.60 1.00 70.77
1.66 26.33 0.94 71.07
1.19 26.34 1.00 71.46
0.38 26.42 0.91 72.30
0.00 26.57 0.97 72.45
0.00 26.87 1.00 72.13
0.72 27.01 0.91 71.36
0.59 27.05 0.94 71.42
1.94 26.61 0.85 70.60
2.17 25.73 0.94 71.16
1.79 26.05 1.48 70.68
2.35 25.73 0.94 70.98
2.19 26.59 1.00 70.22
2.00 26.99 0.91 70.10
2.54 12.77 0.72 83.97
