iowait system user idle 
0.02 0.07 0.19 99.72
0.69 1.09 19.39 78.83
0.00 2.56 50.56 46.88
0.00 4.74 50.25 45.01
0.00 8.65 49.39 41.96
0.00 8.80 49.28 41.92
0.00 8.74 49.15 42.11
0.00 8.66 49.21 42.13
0.00 8.74 49.15 42.11
0.00 8.71 49.26 42.03
0.00 8.76 49.13 42.11
0.00 8.78 49.23 41.99
0.00 8.41 49.19 42.39
0.00 8.87 49.17 41.96
0.00 8.74 49.15 42.11
0.00 5.54 24.68 69.78
0.66 1.66 0.38 97.31
1.69 0.09 0.28 97.94
0.09 0.06 0.03 99.81
