iowait system user idle 
0.02 0.07 0.18 99.73
0.66 1.41 6.62 91.31
0.00 2.44 13.16 84.40
0.00 5.12 12.43 82.45
0.00 7.59 11.79 80.62
0.00 7.43 11.89 80.68
0.00 7.73 11.82 80.45
0.00 7.76 11.79 80.45
0.00 7.70 11.82 80.48
0.00 7.69 11.67 80.64
0.00 7.80 11.70 80.50
0.00 7.67 11.86 80.47
0.00 7.68 11.80 80.52
0.00 7.71 11.74 80.54
0.00 7.58 11.87 80.54
0.00 7.65 11.84 80.51
0.00 7.67 11.78 80.55
0.00 6.60 9.34 84.06
0.00 2.53 0.59 96.88
0.50 1.28 0.38 97.84
0.72 0.00 0.12 99.16
0.00 0.03 0.00 99.97
