iowait system user idle 
0.06 0.16 0.06 99.72
0.66 0.06 0.00 99.28
0.81 0.03 0.00 99.16
1.03 0.28 0.13 98.56
1.16 0.47 0.09 98.28
0.88 0.16 0.59 98.37
0.66 4.62 0.73 93.99
0.00 4.76 0.94 94.30
0.00 4.51 0.76 94.74
0.00 4.44 1.45 94.11
0.03 4.48 0.82 94.67
0.03 4.51 0.82 94.64
0.00 4.54 0.76 94.70
0.00 4.54 0.79 94.68
0.00 4.48 0.82 94.70
0.00 4.54 0.79 94.68
0.00 4.51 0.82 94.68
0.00 4.45 0.82 94.74
0.00 4.50 0.85 94.65
0.00 4.50 0.88 94.62
0.00 4.51 0.88 94.61
0.00 4.66 0.76 94.59
0.00 4.57 0.72 94.71
0.00 4.60 0.79 94.62
0.00 4.66 0.82 94.52
0.00 4.54 0.73 94.73
0.00 4.57 0.79 94.65
0.00 4.45 0.82 94.73
0.19 4.41 0.85 94.55
0.00 4.60 0.82 94.58
0.00 4.48 0.82 94.71
0.00 4.48 0.79 94.73
0.00 4.63 0.76 94.62
0.00 4.35 0.85 94.79
0.00 4.48 0.82 94.71
0.00 4.66 0.76 94.59
0.00 4.60 0.72 94.68
0.00 4.42 0.79 94.79
0.00 4.56 0.85 94.59
0.00 4.51 0.73 94.77
0.00 4.57 0.72 94.71
0.00 4.60 0.82 94.59
0.00 4.51 0.79 94.70
0.00 4.45 0.76 94.80
0.00 4.48 0.76 94.77
0.00 4.54 0.79 94.67
0.00 4.66 0.79 94.55
0.00 4.42 0.82 94.77
0.00 4.48 0.73 94.80
0.00 4.57 0.79 94.64
0.00 4.57 0.82 94.62
0.00 4.63 0.72 94.65
0.00 4.57 0.72 94.71
0.00 4.69 0.69 94.62
0.00 4.45 0.76 94.80
