iowait system user idle 
0.06 0.18 0.06 99.70
0.75 0.03 0.00 99.22
0.50 0.03 0.03 99.44
0.34 0.28 0.09 99.28
2.16 0.50 0.09 97.25
0.97 0.16 0.56 98.31
0.41 4.66 0.63 94.30
0.00 5.54 0.85 93.61
0.00 5.04 0.79 94.18
0.00 4.66 0.98 94.36
0.00 4.94 0.79 94.27
0.00 5.01 0.82 94.17
0.00 5.06 0.72 94.21
0.00 4.95 0.85 94.20
0.00 4.91 0.91 94.17
0.00 4.98 0.85 94.17
0.00 4.82 0.82 94.36
0.00 4.91 0.88 94.21
0.00 5.01 0.76 94.24
0.00 4.94 0.88 94.18
0.00 4.94 0.79 94.27
0.00 4.95 0.79 94.27
0.00 5.03 0.82 94.15
0.00 4.95 0.85 94.20
0.00 4.92 0.76 94.33
0.00 4.97 0.85 94.18
0.00 4.91 0.79 94.30
0.00 4.89 0.76 94.36
0.00 4.92 0.85 94.23
0.00 4.98 0.76 94.27
0.00 4.76 0.82 94.42
0.00 4.98 0.79 94.24
0.00 5.06 0.88 94.05
0.00 4.97 0.82 94.21
0.00 5.04 0.79 94.18
0.00 4.82 0.88 94.30
0.00 4.94 1.32 93.74
0.00 4.97 0.79 94.24
0.09 4.91 0.82 94.18
0.00 4.88 0.85 94.27
0.00 5.00 0.82 94.18
0.00 4.94 0.82 94.24
0.00 4.97 0.79 94.24
0.00 4.97 0.72 94.30
0.00 4.91 0.91 94.18
0.00 4.97 0.85 94.18
0.00 5.04 0.88 94.08
