iowait system user idle 
0.02 0.10 0.23 99.65
0.72 1.28 6.35 91.65
0.00 2.53 13.09 84.38
0.00 11.34 12.47 76.19
0.00 16.84 11.27 71.90
0.00 17.05 11.16 71.79
0.00 16.92 11.32 71.76
0.00 16.84 11.40 71.76
0.00 16.48 11.43 72.10
0.00 16.87 11.33 71.80
0.00 16.86 11.33 71.81
0.00 16.64 10.94 72.41
0.00 17.44 11.35 71.21
0.00 17.30 11.33 71.37
0.00 17.12 11.45 71.43
0.00 16.43 11.11 72.46
0.00 17.42 11.62 70.96
0.00 4.64 2.10 93.26
1.16 1.44 0.34 97.06
1.34 0.06 0.22 98.37
0.00 0.00 0.03 99.97
