iowait system user idle 
0.07 0.22 0.07 99.64
1.35 0.85 0.22 97.59
1.00 0.12 0.44 98.44
1.29 1.32 0.19 97.21
4.48 5.67 0.95 88.90
4.50 5.09 0.85 89.56
4.28 4.69 0.79 90.25
2.52 4.66 0.85 91.98
0.28 4.75 0.79 94.18
2.05 4.66 0.88 92.41
3.21 4.78 0.91 91.09
2.33 4.75 0.82 92.10
1.76 4.88 0.72 92.63
2.48 5.06 1.45 91.01
2.52 4.66 0.82 91.99
0.35 4.88 0.88 93.89
1.23 4.82 0.79 93.17
2.58 5.28 0.82 91.32
0.91 5.41 0.75 92.92
0.00 5.31 0.82 94.12
1.04 5.25 0.88 92.83
0.31 5.32 0.88 93.49
0.19 5.42 0.79 93.61
0.41 5.41 0.88 93.30
0.22 5.50 0.79 93.49
1.98 5.26 0.79 91.97
0.00 5.25 0.82 94.02
1.70 5.26 0.88 92.16
2.02 5.13 0.85 92.00
0.54 5.32 0.85 93.30
0.13 5.44 0.82 93.62
2.71 5.45 0.82 91.03
2.42 5.42 0.82 91.34
2.46 5.48 0.82 91.25
1.01 5.25 0.88 92.86
0.06 5.48 0.79 93.67
0.09 5.22 0.88 93.80
0.50 5.29 0.79 93.42
2.99 5.47 0.85 90.69
2.71 5.45 0.72 91.12
1.57 5.59 0.85 91.99
0.35 5.62 0.85 93.18
0.91 5.35 0.82 92.92
0.53 5.44 0.85 93.18
0.57 5.34 0.91 93.18
2.39 5.28 0.79 91.54
2.89 5.35 0.85 90.91
2.74 5.41 0.79 91.07
