iowait system user idle 
0.06 0.17 0.06 99.72
1.28 0.72 0.19 97.81
4.00 0.22 0.53 95.25
4.56 1.45 0.22 93.77
4.42 6.38 1.01 88.18
3.82 6.16 0.95 89.07
3.95 5.68 1.04 89.33
4.42 5.97 0.92 88.70
4.17 5.96 0.88 88.99
3.63 6.09 0.82 89.46
4.32 6.06 0.91 88.71
4.95 6.21 1.61 87.23
2.14 6.27 0.91 90.67
2.40 6.31 0.91 90.38
1.99 6.19 0.88 90.94
1.80 6.46 0.95 90.80
1.32 6.80 0.82 91.06
1.64 6.92 0.88 90.56
1.51 6.77 0.91 90.80
1.64 7.05 0.91 90.40
1.38 7.02 0.91 90.69
2.08 6.80 0.98 90.14
0.82 7.05 0.94 91.19
1.29 7.29 0.94 90.47
2.45 7.23 0.97 89.34
1.51 7.44 0.94 90.11
1.69 7.62 0.97 89.71
1.76 7.76 0.85 89.64
1.91 7.81 0.97 89.30
2.57 8.12 0.85 88.46
0.53 8.06 0.94 90.47
1.50 8.18 0.88 89.44
1.07 8.12 0.91 89.90
1.63 8.15 0.91 89.31
0.41 8.05 1.03 90.51
1.97 8.15 0.94 88.94
1.22 8.24 0.91 89.63
1.25 8.15 0.91 89.69
1.13 8.18 0.85 89.85
2.04 8.05 0.97 88.94
1.85 8.27 0.85 89.04
2.13 5.92 0.78 91.16
