iowait system user idle 
0.06 0.20 0.06 99.67
0.97 0.59 0.22 98.22
1.88 0.28 0.41 97.43
2.35 0.85 0.19 96.61
3.64 5.38 0.85 90.12
4.19 4.70 0.79 90.32
4.44 4.66 0.85 90.05
4.95 4.57 0.79 89.70
3.15 4.72 0.69 91.44
3.34 4.82 0.79 91.06
2.36 4.76 0.82 92.06
2.46 4.91 0.82 91.81
3.37 4.89 0.79 90.95
2.39 4.98 0.88 91.75
1.13 5.14 0.88 92.85
3.78 5.54 0.82 89.87
0.57 5.32 0.79 93.32
2.08 5.14 0.91 91.87
2.11 5.63 0.82 91.44
2.23 5.65 0.82 91.30
2.05 5.42 0.72 91.81
2.11 5.42 0.85 91.62
0.44 5.63 0.85 93.08
0.44 5.54 0.85 93.17
0.94 5.45 0.79 92.82
0.47 5.59 0.88 93.05
0.63 5.47 0.82 93.08
0.09 5.54 1.42 92.95
0.54 5.48 0.76 93.23
0.03 5.41 0.85 93.71
0.57 5.42 0.82 93.19
0.00 5.41 0.85 93.89
0.19 5.44 0.88 93.49
0.53 5.69 0.82 92.96
0.31 5.41 0.85 93.42
0.00 5.41 0.85 93.93
0.69 5.54 0.72 93.04
0.35 5.41 0.88 93.36
1.10 5.51 0.85 92.54
