iowait system user idle 
0.06 0.20 0.06 99.68
0.41 0.03 0.00 99.56
0.53 0.03 0.03 99.41
0.34 0.25 0.09 99.31
1.28 0.69 0.56 97.46
1.16 0.91 0.09 97.84
0.50 0.13 0.66 98.72
0.41 4.48 0.57 94.54
0.00 6.22 0.82 92.95
0.00 5.96 0.85 93.19
0.00 5.92 0.85 93.23
0.00 5.77 0.79 93.44
0.00 5.65 0.85 93.50
0.00 5.71 0.85 93.44
0.00 5.71 0.91 93.38
0.00 5.89 0.79 93.32
0.00 5.74 0.79 93.48
0.00 5.73 0.91 93.35
0.00 5.89 0.82 93.29
0.00 5.76 0.85 93.39
0.00 5.65 0.82 93.53
0.00 5.89 0.82 93.29
0.00 5.65 0.88 93.47
0.00 5.70 0.85 93.45
0.00 5.80 0.76 93.44
0.00 5.70 0.85 93.44
0.00 5.62 0.82 93.56
0.00 5.83 0.82 93.35
0.00 5.65 0.88 93.47
0.00 5.65 0.85 93.50
0.00 5.56 0.82 93.62
0.00 5.71 0.88 93.41
0.00 5.74 0.73 93.53
0.00 5.59 0.79 93.62
0.03 5.55 0.95 93.47
0.00 5.68 0.76 93.56
0.00 5.47 0.88 93.65
0.00 5.68 0.82 93.50
0.00 5.74 0.76 93.50
0.00 5.67 0.88 93.44
0.00 5.59 0.92 93.50
0.00 5.73 0.79 93.48
0.00 5.71 0.76 93.53
0.00 5.64 0.85 93.50
0.00 5.77 0.79 93.44
0.00 5.68 0.79 93.53
0.00 5.74 0.91 93.35
0.00 5.68 0.85 93.47
0.00 5.80 0.82 93.38
0.00 5.74 0.85 93.40
0.00 5.77 0.82 93.41
0.00 5.56 0.82 93.62
0.00 5.71 0.85 93.44
0.00 5.68 0.85 93.47
0.00 5.77 0.88 93.35
0.00 5.62 0.76 93.62
0.00 5.59 0.88 93.53
0.00 5.74 0.82 93.44
0.00 5.64 0.85 93.50
0.00 5.65 0.82 93.53
0.00 5.65 0.92 93.44
0.00 5.56 0.82 93.62
0.00 5.71 0.88 93.40
0.00 5.87 0.79 93.35
0.00 5.65 1.42 92.93
0.00 5.74 0.82 93.44
0.00 5.58 0.85 93.57
0.00 5.77 0.88 93.35
0.00 5.68 0.82 93.50
0.00 5.64 0.85 93.50
0.00 5.61 0.82 93.57
0.00 5.68 0.82 93.50
