iowait system user idle 
0.02 0.07 0.19 99.72
0.72 1.13 21.57 76.59
0.00 2.59 50.56 46.84
0.00 5.90 49.10 45.00
0.00 10.08 47.66 42.26
0.00 9.99 47.39 42.62
0.06 10.23 47.59 42.11
0.00 10.00 47.52 42.48
0.03 10.28 47.37 42.32
0.00 9.96 47.65 42.38
0.00 10.01 47.69 42.30
0.00 10.23 47.35 42.41
0.00 10.35 47.36 42.29
0.00 6.66 26.94 66.40
0.56 1.53 0.38 97.53
1.59 0.16 0.28 97.97
0.06 0.03 0.03 99.87
