iowait system user idle 
0.07 0.27 0.07 99.60
1.35 0.63 0.19 97.84
4.41 0.56 0.25 94.78
4.22 0.13 0.38 95.28
5.43 27.17 0.76 66.65
3.35 27.44 0.94 68.27
3.66 27.22 0.97 68.15
3.13 27.32 0.94 68.62
1.69 27.34 0.81 70.16
1.94 27.26 0.88 69.92
1.78 27.30 0.88 70.04
2.41 27.25 0.91 69.43
1.88 27.36 0.81 69.95
0.13 27.25 0.88 71.75
0.47 27.25 0.88 71.40
0.47 27.21 0.91 71.41
1.35 27.13 0.84 70.68
1.88 26.97 0.91 70.25
1.50 26.76 0.91 70.83
1.81 26.56 0.91 70.71
1.88 26.02 0.97 71.13
1.32 25.53 0.97 72.19
1.91 25.73 0.97 71.39
1.32 25.78 0.91 72.00
2.14 21.00 1.07 75.79
