iowait system user idle 
0.06 0.17 0.06 99.71
0.91 0.69 0.13 98.28
0.19 1.22 0.06 98.53
0.97 0.19 0.41 98.44
0.88 0.63 0.09 98.40
3.50 6.27 0.95 89.29
3.82 5.39 0.88 89.91
3.21 5.20 0.91 90.67
2.71 5.04 0.91 91.34
2.49 5.45 0.91 91.15
2.99 5.38 0.88 90.75
3.40 5.45 0.85 90.30
3.15 5.54 0.85 90.46
0.16 5.42 0.79 93.64
0.00 5.57 0.72 93.70
0.47 5.26 0.85 93.42
0.00 5.41 0.82 93.96
0.25 5.36 0.79 93.60
0.22 5.60 0.79 93.39
0.41 5.91 1.51 92.17
0.82 5.73 0.85 92.60
0.79 5.38 0.88 92.95
0.19 5.75 0.94 93.12
0.00 5.88 0.91 93.27
0.25 5.78 0.79 93.18
0.47 5.54 0.79 93.20
0.22 5.53 0.94 93.30
0.06 5.67 0.82 93.45
0.69 5.66 0.94 92.71
0.00 5.85 0.79 93.46
0.82 5.85 0.88 92.45
0.53 5.75 0.94 92.77
0.03 5.57 0.94 93.46
0.50 5.87 0.88 92.74
0.19 5.60 0.82 93.39
0.00 5.50 0.88 93.61
0.19 6.00 0.79 93.02
0.54 5.67 0.79 93.01
