iowait system user idle 
0.04 0.10 0.05 99.81
1.13 0.72 0.19 97.96
2.60 0.16 0.38 96.87
3.18 2.23 0.35 94.24
4.33 6.79 0.92 87.97
4.08 6.29 0.85 88.78
4.30 5.94 0.85 88.91
4.27 5.78 0.92 89.04
3.31 6.05 0.91 89.72
4.19 6.21 0.91 88.68
1.89 6.12 0.79 91.19
1.89 6.12 0.82 91.16
1.39 6.21 1.29 91.11
2.40 6.06 0.95 90.60
1.99 6.24 0.91 90.86
1.96 5.90 1.01 91.13
1.83 6.18 0.85 91.14
1.93 6.16 0.85 91.06
1.48 6.02 0.98 91.52
1.64 6.03 0.95 91.39
2.12 6.03 0.88 90.97
1.86 6.10 0.88 91.16
2.17 6.36 0.88 90.58
2.24 6.18 0.82 90.75
2.18 6.21 0.82 90.79
2.05 6.34 0.92 90.69
1.80 6.44 0.79 90.98
1.86 6.53 0.85 90.76
1.93 6.26 0.92 90.90
1.23 6.78 0.88 91.11
1.92 6.80 0.94 90.33
1.86 7.02 0.88 90.24
2.27 6.89 0.91 89.93
2.14 6.93 0.98 89.95
1.61 6.81 1.48 90.10
1.73 7.06 0.85 90.36
2.01 7.18 0.98 89.83
1.64 7.36 0.85 90.15
1.04 7.33 0.85 90.78
2.26 7.42 0.85 89.46
0.75 7.54 0.88 90.82
2.26 7.67 0.88 89.18
1.73 7.82 0.91 89.54
1.25 8.24 0.85 89.66
1.76 8.16 0.94 89.15
1.16 8.18 0.85 89.81
1.47 8.09 0.97 89.46
1.35 8.30 0.85 89.50
