iowait system user idle 
0.02 0.11 0.24 99.63
0.66 1.19 2.25 95.91
0.06 2.50 3.75 93.69
0.00 4.68 3.42 91.90
0.00 7.39 2.82 89.79
0.00 7.33 2.98 89.68
0.00 7.27 3.14 89.59
0.00 7.48 3.01 89.51
0.00 7.36 2.98 89.66
0.00 7.39 3.01 89.60
0.00 7.39 2.92 89.69
0.00 7.44 2.95 89.61
0.00 7.14 3.08 89.78
0.00 7.30 2.98 89.72
0.00 7.29 2.95 89.76
0.00 7.08 3.01 89.91
0.00 7.11 3.05 89.85
0.00 7.42 2.86 89.72
0.00 7.36 2.92 89.72
0.00 7.29 2.98 89.73
0.00 7.41 2.85 89.74
0.00 7.45 2.82 89.73
0.00 7.11 2.98 89.90
0.00 7.26 2.92 89.82
0.00 7.36 2.98 89.66
0.00 7.48 2.92 89.61
0.00 7.45 2.89 89.66
0.00 7.30 2.92 89.77
0.00 4.71 1.57 93.72
0.81 1.53 0.41 97.25
1.66 0.09 0.13 98.12
0.00 0.00 0.00 100.00
