iowait system user idle 
0.04 0.07 0.04 99.84
1.88 0.78 0.19 97.15
1.03 0.13 0.41 98.44
2.68 2.65 0.47 94.20
2.96 5.27 0.85 90.92
0.95 4.76 0.88 93.41
1.77 4.73 0.85 92.65
1.67 4.76 0.91 92.65
1.80 4.89 0.88 92.43
2.58 5.48 0.82 91.12
0.38 5.32 0.91 93.39
0.19 5.66 0.85 93.30
0.22 5.64 0.88 93.26
0.03 5.73 0.76 93.48
0.32 5.67 0.82 93.19
0.16 5.97 0.94 92.93
0.19 5.60 0.88 93.33
0.03 5.73 0.88 93.36
0.35 5.70 0.95 93.00
0.09 5.73 0.76 93.42
0.35 5.70 0.98 92.98
0.35 5.67 1.45 92.54
0.25 5.63 0.82 93.30
0.06 5.94 0.85 93.14
0.13 5.85 0.85 93.18
0.09 5.85 0.88 93.18
0.03 5.67 0.82 93.48
0.06 5.70 0.82 93.42
0.03 5.73 0.79 93.45
0.19 5.79 0.82 93.21
0.03 5.84 0.94 93.19
0.16 5.67 0.91 93.26
0.28 5.58 0.95 93.19
