iowait system user idle 
0.07 0.23 0.07 99.63
1.19 0.78 0.13 97.90
0.59 0.09 0.44 98.87
1.91 1.13 0.16 96.80
3.50 5.49 0.76 90.26
3.84 5.07 0.85 90.24
3.49 4.69 0.85 90.97
3.65 4.75 1.42 90.18
1.10 4.63 0.72 93.55
1.19 4.62 0.82 93.36
0.94 4.62 0.85 93.58
0.72 4.63 0.76 93.89
3.12 4.63 0.85 91.40
1.35 4.69 0.72 93.23
1.10 4.72 0.79 93.39
2.20 4.66 0.79 92.35
1.63 4.81 0.72 92.83
1.07 5.00 0.79 93.14
1.51 4.91 0.76 92.82
1.77 4.70 0.82 92.72
2.93 4.78 0.82 91.47
0.22 4.73 0.79 94.27
0.85 4.75 0.85 93.55
0.91 4.85 0.79 93.46
2.55 4.69 0.76 92.00
0.47 4.72 0.76 94.05
0.16 4.75 0.76 94.33
0.53 4.90 0.75 93.81
0.03 4.66 0.76 94.55
0.03 4.87 0.75 94.34
0.19 4.75 0.82 94.24
0.72 4.78 0.85 93.64
1.23 4.94 0.79 93.05
1.38 5.00 0.72 92.89
2.71 4.94 0.82 91.53
2.68 4.91 0.76 91.66
0.28 4.91 0.88 93.93
2.23 4.91 0.79 92.07
2.74 4.94 0.85 91.48
2.05 4.94 0.72 92.29
2.89 4.78 0.94 91.38
1.73 4.88 0.76 92.63
2.11 4.85 0.79 92.26
1.89 4.91 0.72 92.47
1.95 4.94 0.79 92.32
2.33 4.97 0.72 91.97
2.77 4.94 0.72 91.57
2.17 4.94 0.75 92.14
0.06 4.85 0.82 94.27
0.41 4.88 0.76 93.96
0.41 4.97 0.72 93.90
0.22 5.00 0.79 93.99
0.16 4.88 0.79 94.17
0.28 4.88 0.85 93.99
0.22 5.06 0.82 93.90
0.88 4.88 0.88 93.36
0.22 5.07 0.76 93.95
0.98 5.01 0.79 93.23
0.28 5.22 0.75 93.74
0.50 5.10 0.76 93.64
1.42 5.04 0.69 92.85
2.83 5.26 0.76 91.15
