iowait system user idle 
0.07 0.22 0.07 99.65
1.31 0.81 0.19 97.68
2.50 0.09 0.38 97.03
3.87 1.64 0.28 94.21
3.19 5.37 1.48 89.96
1.64 4.76 0.79 92.82
2.94 4.42 0.88 91.76
1.92 4.78 0.76 92.54
3.30 4.81 0.82 91.07
3.15 4.73 0.79 91.33
2.77 4.82 0.85 91.56
3.30 5.16 0.76 90.78
4.69 5.10 0.79 89.42
4.00 5.16 0.91 89.93
2.83 5.07 0.94 91.15
1.13 5.14 0.85 92.88
1.23 5.38 0.82 92.57
0.50 5.35 0.85 93.29
2.30 5.35 0.88 91.47
2.01 5.73 0.82 91.44
2.23 5.57 0.88 91.32
2.01 5.69 0.91 91.38
2.20 5.57 0.82 91.40
1.98 5.57 0.82 91.63
1.01 5.76 0.79 92.45
1.79 5.69 0.94 91.57
2.96 5.54 0.82 90.69
2.90 5.63 0.85 90.62
0.91 5.63 0.88 92.58
0.00 5.38 0.98 93.65
0.35 5.39 0.79 93.48
0.75 5.78 0.91 92.55
2.80 5.54 0.85 90.81
0.35 5.42 0.88 93.35
2.29 5.82 0.85 91.04
2.24 5.64 0.82 91.31
2.07 5.53 0.85 91.55
2.30 5.57 0.85 91.28
1.51 5.38 0.94 92.16
2.80 3.83 0.69 92.68
