iowait system user idle 
0.07 0.23 0.07 99.63
0.41 0.03 0.00 99.56
0.41 0.03 0.00 99.56
1.12 0.06 0.03 98.78
1.22 0.28 0.06 98.43
1.75 0.34 0.06 97.84
0.50 0.13 0.59 98.78
1.26 2.84 0.41 95.49
0.06 5.39 0.79 93.76
0.00 4.84 0.79 94.37
0.00 4.62 0.85 94.53
0.00 4.44 0.85 94.71
0.00 4.68 0.88 94.44
0.00 4.56 0.79 94.65
0.00 4.53 0.76 94.71
0.00 4.47 0.82 94.71
0.00 4.56 0.82 94.62
0.00 4.60 0.66 94.74
0.00 4.62 0.72 94.65
0.00 4.41 1.32 94.27
0.00 4.56 0.76 94.68
0.00 4.65 0.75 94.60
0.00 4.56 0.79 94.65
0.00 4.38 0.76 94.86
0.00 4.71 0.72 94.57
0.00 4.53 0.82 94.65
0.00 4.47 0.72 94.81
0.00 4.41 0.88 94.71
0.00 4.65 0.82 94.53
0.00 4.53 0.79 94.69
0.00 4.47 0.82 94.71
0.00 4.56 0.85 94.59
0.00 4.40 0.88 94.72
0.13 4.62 0.75 94.50
0.00 4.50 0.76 94.74
0.00 4.53 0.82 94.65
0.00 4.53 0.85 94.62
0.00 4.59 0.75 94.66
0.00 4.50 0.79 94.71
0.00 4.62 0.79 94.59
0.00 4.50 0.79 94.71
0.00 4.47 0.82 94.71
0.00 4.41 0.82 94.78
0.00 4.63 0.72 94.65
0.00 4.53 0.82 94.66
0.00 4.37 0.85 94.78
0.00 4.50 0.79 94.71
0.00 4.53 0.82 94.65
0.00 4.44 0.79 94.77
0.00 4.53 0.76 94.71
0.00 4.63 0.69 94.68
0.00 4.65 0.82 94.53
0.00 4.44 0.79 94.77
0.00 4.59 0.72 94.68
0.00 4.53 0.79 94.68
0.00 4.66 0.75 94.59
0.00 4.62 0.69 94.68
0.00 4.47 0.79 94.74
0.00 4.56 0.79 94.65
0.00 4.75 0.72 94.53
0.00 4.50 0.88 94.62
0.00 4.62 0.72 94.65
0.00 4.56 0.75 94.69
0.00 4.50 0.79 94.71
0.00 4.44 0.82 94.75
0.00 4.53 0.79 94.68
0.00 4.38 0.79 94.83
0.00 4.47 0.82 94.71
0.00 4.56 0.82 94.63
