iowait system user idle 
0.02 0.11 0.24 99.64
0.56 1.47 27.61 70.36
0.00 2.56 50.58 46.86
0.00 16.03 50.66 33.31
0.00 27.26 50.86 21.88
0.09 27.24 50.84 21.83
0.00 27.30 50.78 21.92
0.00 27.34 50.75 21.91
0.00 27.34 50.74 21.93
0.00 27.20 50.89 21.91
0.00 27.35 50.73 21.91
0.00 4.81 5.22 89.97
1.09 1.28 0.38 97.25
1.09 0.06 0.13 98.72
0.00 0.00 0.00 100.00
