iowait system user idle 
0.02 0.10 0.23 99.65
0.53 1.66 2.19 95.62
0.00 2.47 3.78 93.75
0.00 5.23 3.34 91.43
0.00 6.97 3.17 89.87
0.03 6.88 3.11 89.98
0.00 6.94 3.14 89.92
0.00 7.12 2.97 89.91
0.00 6.81 3.13 90.06
0.00 6.97 2.98 90.05
0.00 6.93 3.07 90.00
0.00 6.58 3.11 90.31
0.00 7.00 3.04 89.95
0.00 6.64 3.18 90.18
0.00 7.06 3.10 89.84
0.00 7.00 3.01 89.99
0.00 6.66 3.17 90.17
0.00 6.79 3.20 90.01
0.00 7.03 3.04 89.93
0.00 6.85 3.17 89.98
0.00 7.00 3.10 89.90
0.00 6.93 3.01 90.06
0.00 6.90 3.01 90.09
0.00 6.97 3.17 89.86
0.00 7.19 3.01 89.80
0.00 7.05 3.10 89.85
0.00 7.07 2.98 89.96
0.00 6.61 3.24 90.15
0.00 6.73 3.17 90.10
0.00 6.97 3.07 89.95
0.00 7.15 2.97 89.88
0.00 7.05 3.00 89.94
0.00 6.81 3.04 90.14
0.00 6.49 2.85 90.67
0.00 2.59 0.56 96.84
1.41 1.19 0.38 97.03
1.00 0.06 0.09 98.84
0.00 0.00 0.00 100.00
