iowait system user idle 
0.07 0.21 0.06 99.66
1.35 0.69 0.16 97.81
3.56 0.12 0.44 95.88
4.27 1.16 0.19 94.38
5.58 5.45 0.85 88.12
4.29 4.89 0.85 89.97
3.24 4.84 0.82 91.11
2.87 4.66 0.82 91.65
2.67 4.62 0.79 91.92
2.90 4.82 0.69 91.60
3.59 4.66 0.76 90.99
3.59 4.66 0.82 90.94
3.81 4.81 0.85 90.53
3.71 4.69 0.76 90.84
3.49 4.94 0.85 90.72
0.00 4.63 0.82 94.65
0.69 4.54 0.76 94.02
0.06 4.87 0.79 94.28
0.38 4.78 0.75 94.09
0.22 4.60 0.82 94.36
2.80 4.69 0.85 91.66
0.22 4.63 0.85 94.30
0.69 4.84 0.82 93.65
0.35 4.59 0.85 94.21
0.19 4.57 0.76 94.49
0.41 4.82 0.69 94.08
0.00 4.90 0.75 94.37
0.16 4.78 0.76 94.30
0.54 4.79 0.82 93.86
0.44 4.88 1.35 93.33
1.07 4.72 0.72 93.48
0.91 4.69 0.85 93.55
1.29 4.76 0.72 93.23
2.20 4.79 0.76 92.25
3.02 4.93 0.75 91.29
2.90 4.88 0.72 91.50
2.89 4.78 0.79 91.54
2.14 4.69 0.79 92.38
2.93 4.81 0.91 91.35
2.80 4.85 0.85 91.49
2.64 4.91 0.88 91.57
2.80 4.85 0.76 91.59
2.93 4.94 0.82 91.32
2.58 5.00 0.85 91.57
1.35 4.82 0.85 92.98
1.57 5.06 0.85 92.52
2.99 4.94 0.85 91.22
0.69 4.94 0.79 93.58
2.23 5.12 0.82 91.83
1.54 4.88 0.82 92.76
0.00 4.85 0.76 94.71
1.45 4.94 0.79 92.83
2.77 4.82 0.85 91.56
2.90 4.76 0.79 91.56
2.87 4.91 0.82 91.40
0.06 4.87 0.85 94.22
0.13 4.70 0.85 94.33
0.03 5.00 0.82 94.15
0.60 4.91 0.82 93.68
0.03 5.00 0.79 94.18
0.35 4.94 0.76 93.96
2.30 4.88 0.88 91.94
0.44 4.18 0.82 94.56
