iowait system user idle 
1.44 3.04 1.62 93.90
3.50 0.00 0.00 96.50
3.31 0.03 0.00 96.66
3.31 0.12 0.06 96.50
0.78 0.56 0.00 98.65
1.03 0.44 0.22 98.31
0.97 0.09 0.16 98.78
0.32 3.94 0.79 94.95
0.00 3.81 0.76 95.44
0.00 3.99 0.75 95.26
0.00 3.87 0.63 95.50
0.00 3.80 0.82 95.38
0.00 3.80 0.75 95.44
0.00 3.74 0.69 95.56
0.00 3.77 0.69 95.53
0.00 3.80 0.72 95.48
0.00 3.77 0.69 95.54
0.00 3.95 0.72 95.33
0.00 3.89 0.75 95.36
0.06 3.68 0.82 95.44
0.00 3.89 0.63 95.48
0.00 3.86 0.69 95.45
0.00 3.83 0.69 95.48
0.00 3.80 0.66 95.54
0.00 3.74 0.69 95.57
0.00 3.74 0.69 95.57
0.00 3.71 0.72 95.57
0.00 3.65 0.72 95.63
0.00 3.80 0.72 95.48
0.00 3.65 0.75 95.60
0.00 3.80 0.82 95.39
0.00 3.89 0.66 95.45
0.00 3.80 0.66 95.54
0.00 3.92 0.69 95.39
0.00 3.92 0.66 95.42
0.00 3.80 0.66 95.54
0.00 3.74 0.75 95.51
0.00 3.86 0.72 95.42
0.00 3.74 0.72 95.54
0.00 3.74 0.79 95.48
0.00 3.77 0.72 95.51
0.00 3.74 0.66 95.60
0.00 3.74 0.79 95.48
0.00 3.77 0.75 95.47
0.00 3.74 0.66 95.60
0.00 3.80 0.66 95.54
0.00 3.80 0.79 95.41
0.00 3.77 0.66 95.57
0.00 3.74 0.75 95.51
0.00 3.74 0.72 95.54
0.00 3.83 0.69 95.48
0.00 3.83 0.66 95.51
0.00 3.65 0.82 95.54
0.00 3.77 0.66 95.57
0.00 3.89 0.69 95.42
0.00 3.89 1.29 94.82
0.00 3.77 0.66 95.57
0.09 3.77 0.78 95.35
0.00 3.74 0.72 95.54
0.00 3.86 0.75 95.39
0.00 3.74 0.69 95.57
0.00 3.83 0.66 95.51
0.00 3.77 0.69 95.54
0.00 3.68 0.72 95.60
0.00 3.74 0.63 95.63
0.00 3.77 0.75 95.48
