iowait system user idle 
0.02 0.08 0.21 99.69
0.59 1.75 8.13 89.53
0.00 2.56 13.06 84.38
0.00 5.61 12.45 81.94
0.00 7.52 11.91 80.57
0.00 7.60 11.77 80.63
0.00 7.50 11.80 80.70
0.00 7.68 11.72 80.60
0.00 7.68 11.65 80.67
0.00 7.67 11.83 80.50
0.00 7.64 11.86 80.50
0.00 7.53 11.88 80.59
0.00 7.69 11.69 80.62
0.00 7.74 11.72 80.55
0.00 8.00 11.72 80.28
0.00 7.96 11.61 80.43
0.00 7.62 11.81 80.57
0.00 6.01 8.26 85.73
0.00 2.62 0.50 96.88
0.62 1.06 0.25 98.06
0.69 0.03 0.06 99.22
0.00 0.00 0.00 100.00
