iowait system user idle 
0.02 0.09 0.22 99.67
0.59 1.56 2.31 95.53
0.00 2.44 3.81 93.75
0.00 5.23 3.85 90.92
0.00 6.72 3.04 90.23
0.00 6.51 3.14 90.35
0.00 6.41 3.21 90.38
0.00 6.60 3.17 90.23
0.00 6.80 3.13 90.06
0.00 6.43 3.17 90.40
0.00 6.52 3.20 90.28
0.00 6.49 3.17 90.34
0.00 6.58 3.16 90.26
0.00 6.67 3.07 90.26
0.00 6.42 3.13 90.44
0.00 6.39 3.10 90.51
0.00 6.28 3.20 90.52
0.00 6.49 3.23 90.28
0.00 6.58 3.07 90.35
0.00 6.37 3.04 90.59
0.00 6.73 3.06 90.21
0.00 6.66 3.03 90.30
0.00 6.31 3.14 90.55
0.00 6.43 3.04 90.53
0.00 6.31 3.14 90.56
0.00 6.54 3.07 90.39
0.00 6.53 3.01 90.46
0.00 6.68 3.10 90.22
0.00 6.43 3.20 90.36
0.00 6.37 3.17 90.46
0.03 6.52 3.20 90.25
0.06 6.55 3.32 90.06
0.00 6.43 3.17 90.40
0.22 6.52 3.17 90.09
0.00 6.64 3.07 90.29
0.00 6.49 3.13 90.38
0.00 6.28 3.14 90.58
0.00 6.34 3.17 90.49
0.00 6.49 3.10 90.40
0.00 6.62 3.07 90.31
0.00 6.68 3.10 90.22
0.00 6.46 3.07 90.47
0.00 6.50 3.22 90.27
0.00 6.68 3.07 90.25
0.00 3.99 1.64 94.37
1.47 1.19 0.44 96.91
0.72 0.06 0.03 99.19
0.00 0.00 0.00 100.00
