iowait system user idle 
0.07 0.31 0.07 99.55
1.50 0.69 0.16 97.65
2.28 0.47 0.53 96.72
0.63 2.07 0.19 97.12
4.77 32.14 0.88 62.20
4.01 28.05 0.94 67.00
2.91 28.27 0.88 67.94
2.75 27.85 0.94 68.46
3.10 27.96 0.88 68.07
3.47 27.85 0.88 67.80
2.50 27.99 0.91 68.60
3.91 27.96 0.88 67.25
1.91 27.82 0.84 69.43
1.79 27.79 1.44 68.98
1.47 27.82 0.85 69.86
1.44 27.80 0.91 69.85
1.66 27.92 0.85 69.58
1.82 27.93 0.85 69.41
1.82 27.82 0.88 69.48
1.22 27.86 0.81 70.11
1.50 27.69 0.94 69.86
1.66 27.82 0.88 69.64
1.10 27.72 0.81 70.37
0.47 28.00 0.81 70.71
0.38 27.86 0.75 71.02
0.81 27.83 0.81 70.54
1.82 27.78 0.88 69.53
1.63 27.61 0.91 69.85
1.00 27.70 0.85 70.45
0.28 27.65 0.91 71.16
1.13 27.65 0.94 70.28
0.84 27.63 0.91 70.62
1.75 27.65 0.94 69.66
1.60 27.65 0.85 69.90
1.56 27.63 0.88 69.93
1.50 27.69 0.81 69.99
