iowait system user idle 
0.02 0.11 0.24 99.63
0.84 1.59 2.28 95.28
0.00 2.44 3.78 93.78
0.00 5.44 3.34 91.22
0.00 7.61 3.01 89.38
0.10 7.52 3.08 89.30
0.00 7.71 2.89 89.41
0.00 7.64 2.95 89.41
0.00 7.58 2.98 89.43
0.00 7.59 2.86 89.56
0.00 7.61 2.92 89.47
0.00 7.73 2.88 89.38
0.00 7.67 2.95 89.38
0.00 7.59 2.92 89.49
0.00 7.68 2.86 89.47
0.00 7.43 3.02 89.55
0.00 7.65 2.92 89.43
0.00 7.62 2.86 89.52
0.00 7.58 3.04 89.38
0.00 7.56 2.89 89.55
0.00 7.60 2.77 89.64
0.00 7.73 2.92 89.35
0.00 7.74 2.85 89.41
0.00 7.65 2.86 89.50
0.00 6.00 2.34 91.66
0.00 2.56 0.56 96.88
1.47 1.19 0.28 97.06
1.00 0.03 0.13 98.84
0.00 0.00 0.03 99.97
