iowait system user idle 
2.56 2.07 1.08 94.28
1.16 0.00 0.00 98.84
1.25 0.03 0.00 98.72
0.75 0.34 0.03 98.87
0.91 0.28 0.22 98.59
0.63 0.34 0.06 98.97
3.60 4.07 0.76 91.57
4.09 3.93 0.75 91.23
3.30 3.93 0.79 91.98
1.29 3.96 0.75 94.00
2.01 3.84 0.79 93.36
2.80 3.96 0.82 92.42
2.01 3.99 0.82 93.18
0.60 4.06 0.72 94.62
1.38 3.99 0.82 93.80
2.04 4.39 0.78 92.78
1.51 4.21 0.79 93.49
0.82 4.25 0.76 94.18
1.67 4.47 0.79 93.08
0.91 4.43 0.88 93.78
0.63 4.38 0.76 94.24
2.11 4.54 0.79 92.57
0.72 4.75 0.79 93.74
2.01 4.69 0.82 92.48
2.08 4.88 0.76 92.29
1.61 4.85 0.85 92.69
1.98 5.19 0.82 92.01
2.36 5.29 0.76 91.59
1.86 5.35 0.85 91.94
1.64 5.32 0.85 92.19
1.83 5.48 0.79 91.91
2.43 5.35 0.82 91.40
1.73 5.23 0.88 92.16
1.86 5.33 0.79 92.03
1.79 5.38 0.85 91.97
1.92 5.29 0.85 91.94
1.42 5.41 0.85 92.32
1.70 5.32 0.88 92.10
2.18 5.30 0.79 91.74
1.26 5.26 0.85 92.63
1.89 5.26 0.85 91.99
1.98 4.12 0.79 93.11
