iowait system user idle 
0.08 0.43 0.07 99.42
0.34 0.03 0.03 99.59
1.50 0.03 0.44 98.03
0.75 0.19 0.09 98.97
0.88 0.28 0.03 98.81
1.53 0.09 0.03 98.34
2.00 0.69 0.63 96.68
1.45 5.44 0.41 92.71
0.00 26.62 0.91 72.46
0.00 27.13 0.97 71.90
0.00 27.17 0.94 71.89
0.00 27.14 0.94 71.92
0.00 27.20 0.91 71.89
0.00 27.11 0.97 71.92
0.00 27.06 1.03 71.91
0.00 27.14 0.94 71.92
0.00 27.24 0.84 71.91
0.00 27.11 0.97 71.92
0.00 27.24 0.84 71.91
0.00 27.12 0.97 71.91
0.00 27.12 0.97 71.91
0.00 27.16 0.94 71.90
0.00 27.13 0.94 71.93
0.00 27.22 1.47 71.31
0.00 27.20 0.91 71.90
0.00 27.12 0.97 71.91
0.00 27.16 0.91 71.93
0.00 27.20 0.91 71.89
0.00 27.13 0.97 71.90
0.03 25.57 1.00 73.40
