iowait system user idle 
0.02 0.08 0.20 99.70
0.72 1.03 4.69 93.56
0.00 2.56 13.12 84.32
0.00 5.92 11.69 82.38
0.00 12.14 9.36 78.49
0.00 12.28 9.44 78.27
0.00 11.85 9.48 78.67
0.00 12.26 9.42 78.33
0.00 12.34 9.40 78.26
0.00 12.39 9.17 78.44
0.00 12.00 9.47 78.53
0.00 11.95 9.36 78.69
0.00 12.16 9.31 78.52
0.00 7.64 5.21 87.14
1.47 1.75 0.34 96.44
2.22 0.16 0.28 97.34
0.06 0.03 0.03 99.87
0.00 0.00 0.00 100.00
