iowait system user idle 
0.02 0.07 0.19 99.72
0.75 1.06 5.81 92.37
0.09 2.59 13.04 84.28
0.00 5.08 12.26 82.66
0.00 9.05 11.00 79.96
0.00 9.15 10.79 80.06
0.00 8.85 10.91 80.24
0.00 8.99 10.97 80.04
0.00 9.22 10.72 80.06
0.00 9.07 11.05 79.89
0.00 8.97 10.95 80.08
0.00 8.98 11.03 79.99
0.00 9.11 10.87 80.02
0.00 8.98 10.59 80.43
0.00 7.13 8.37 84.50
0.00 2.50 0.62 96.88
0.72 1.62 0.37 97.28
1.69 0.13 0.34 97.84
0.00 0.03 0.00 100.00
