iowait system user idle 
0.02 0.07 0.20 99.71
0.78 1.00 1.38 96.84
0.00 2.56 3.69 93.75
0.00 4.02 4.05 91.93
0.00 7.10 2.85 90.04
0.00 6.83 3.14 90.03
0.00 6.93 3.02 90.06
0.00 7.07 2.98 89.94
0.00 6.84 2.93 90.24
0.00 6.93 2.96 90.12
0.00 7.05 2.92 90.03
0.00 7.14 2.95 89.91
0.00 7.15 2.92 89.93
0.00 7.01 3.05 89.94
0.00 7.08 2.89 90.03
0.00 6.89 3.11 90.00
0.00 7.05 2.98 89.97
0.00 6.96 2.96 90.09
0.00 7.04 2.89 90.07
0.00 7.04 2.92 90.04
0.00 7.04 2.89 90.07
0.00 6.95 3.02 90.03
0.00 7.01 3.05 89.94
0.00 7.01 3.01 89.97
0.00 7.07 2.95 89.97
0.00 2.69 0.66 96.66
0.69 1.69 0.41 97.22
2.62 0.19 0.28 96.91
0.06 0.06 0.03 99.84
