iowait system user idle 
0.07 0.35 0.07 99.50
0.25 0.03 0.00 99.72
0.97 0.03 0.00 99.00
0.34 0.03 0.03 99.59
0.25 0.28 0.09 99.37
2.03 0.22 0.06 97.69
2.12 0.62 0.06 97.19
0.88 0.19 0.84 98.09
0.86 7.95 0.60 90.59
0.00 12.94 1.06 86.01
0.00 12.43 1.05 86.51
0.00 12.97 1.02 86.01
0.00 12.78 1.11 86.10
0.00 12.81 1.14 86.05
0.00 12.66 1.12 86.23
0.10 12.72 1.05 86.13
0.00 12.40 1.08 86.52
0.00 12.36 1.09 86.56
0.00 12.40 1.12 86.49
0.00 12.51 1.05 86.44
0.00 12.59 1.08 86.33
0.00 12.43 0.99 86.58
0.00 12.27 1.02 86.71
0.00 12.23 0.96 86.81
0.00 12.33 0.89 86.78
0.00 12.25 0.99 86.76
0.00 12.36 1.02 86.62
0.00 12.44 1.08 86.48
0.00 12.52 1.11 86.37
0.00 12.51 0.99 86.51
0.00 12.40 0.99 86.61
0.00 12.68 1.05 86.27
0.00 12.26 0.99 86.75
0.00 12.39 1.02 86.59
0.00 12.50 1.69 85.81
0.00 12.45 1.08 86.47
0.03 12.48 1.05 86.44
0.00 12.54 0.99 86.48
0.00 12.46 0.96 86.58
