iowait system user idle 
0.07 0.29 0.07 99.57
0.47 0.00 0.00 99.53
0.78 0.03 0.00 99.19
1.03 0.03 0.00 98.94
0.44 0.28 0.13 99.16
2.10 0.22 0.06 97.62
1.50 0.53 0.06 97.90
2.00 0.16 0.72 97.12
0.22 14.61 0.50 84.67
0.00 27.17 1.00 71.83
0.00 27.31 0.78 71.91
0.00 27.18 0.88 71.94
0.00 27.25 0.81 71.93
0.00 27.15 0.94 71.91
0.00 27.24 0.88 71.89
0.00 27.07 1.00 71.93
0.00 27.15 0.94 71.91
0.00 27.24 0.84 71.91
0.00 27.24 0.88 71.89
0.00 27.16 0.94 71.90
0.00 27.19 0.88 71.93
0.00 27.18 0.91 71.91
0.00 27.22 0.84 71.93
0.00 27.17 0.91 71.92
0.00 27.22 0.84 71.93
0.00 27.22 0.88 71.90
0.00 27.20 0.91 71.90
0.00 27.17 0.91 71.92
0.13 27.33 1.19 71.36
0.00 27.31 0.78 71.91
0.03 27.29 0.78 71.89
0.00 27.16 0.94 71.90
