iowait system user idle 
0.02 0.08 0.20 99.71
0.94 1.03 4.60 93.44
0.00 2.53 13.12 84.34
0.00 5.49 11.98 82.53
0.00 11.59 9.44 78.97
0.00 11.63 9.61 78.76
0.00 11.43 9.64 78.92
0.00 11.65 9.73 78.62
0.00 11.69 9.51 78.80
0.00 11.73 9.36 78.91
0.00 11.64 9.91 78.45
0.00 11.93 9.79 78.28
0.00 11.48 9.75 78.77
0.00 8.04 6.01 85.95
0.94 1.72 0.44 96.91
2.13 0.09 0.28 97.50
0.03 0.03 0.03 99.91
