iowait system user idle 
0.02 0.09 0.22 99.68
0.50 1.59 30.17 67.74
0.00 2.38 50.75 46.88
0.00 17.25 50.69 32.06
0.00 27.36 50.72 21.92
0.00 27.34 50.72 21.94
0.00 27.38 50.69 21.94
0.00 27.41 50.66 21.94
0.00 27.33 50.72 21.95
0.00 27.41 50.69 21.91
0.00 27.45 50.61 21.94
0.00 27.44 50.62 21.94
0.00 27.50 50.56 21.94
0.00 27.47 50.59 21.94
0.00 27.57 50.48 21.94
0.00 27.54 50.55 21.91
0.00 27.45 50.61 21.94
0.00 27.48 50.58 21.94
0.00 27.41 50.66 21.94
0.00 27.54 50.55 21.91
0.00 27.50 50.56 21.94
0.00 27.48 50.61 21.91
0.00 27.45 50.61 21.94
0.00 22.72 40.88 36.41
0.00 2.53 0.62 96.84
1.28 1.16 0.41 97.16
0.91 0.06 0.12 98.91
0.00 0.00 0.00 100.00
