iowait system user idle 
0.08 0.47 0.07 99.38
1.19 0.50 0.09 98.22
3.19 0.66 0.59 95.56
3.74 6.45 0.44 89.37
4.01 26.72 1.00 68.27
3.35 27.28 0.91 68.46
3.66 27.24 1.00 68.10
2.16 27.21 0.97 69.66
2.41 27.27 0.97 69.36
3.04 27.18 0.88 68.91
3.00 27.38 0.81 68.80
3.60 27.21 0.88 68.32
0.44 26.22 0.88 72.46
1.72 26.41 0.88 70.99
1.57 26.87 0.91 70.66
0.97 26.89 0.88 71.26
2.32 27.24 0.81 69.63
0.22 27.25 0.84 71.68
1.97 27.44 0.72 69.87
1.47 27.22 0.94 70.37
2.04 26.81 0.88 70.28
1.57 25.93 0.91 71.59
2.01 25.98 0.97 71.04
1.91 25.89 0.85 71.35
1.47 25.79 0.97 71.76
1.67 23.78 0.97 73.58
1.76 25.11 0.88 72.25
2.22 26.85 0.85 70.08
1.53 26.46 0.94 71.06
2.07 22.72 1.16 74.05
