iowait system user idle 
1.92 2.63 2.47 92.98
1.09 0.41 0.06 98.44
1.56 0.19 0.25 98.00
1.22 1.00 0.19 97.59
3.43 3.97 0.85 91.75
2.70 3.86 0.91 92.53
2.45 3.87 0.75 92.93
4.21 3.93 0.72 91.14
3.71 3.80 0.75 91.73
3.42 3.99 0.72 91.87
3.24 3.80 0.82 92.14
2.32 3.96 0.72 93.00
0.57 3.96 0.78 94.69
1.26 3.99 0.72 94.03
0.88 3.99 0.85 94.29
1.13 3.99 0.72 94.15
2.33 3.99 0.79 92.90
1.29 3.90 0.79 94.02
1.32 4.18 0.75 93.75
1.35 4.27 0.72 93.66
2.58 4.03 0.85 92.55
0.82 4.21 0.69 94.28
1.35 4.19 0.69 93.77
1.32 4.18 0.79 93.71
1.82 4.18 0.75 93.24
1.48 4.33 0.85 93.34
1.35 4.30 0.82 93.53
1.45 4.34 0.72 93.49
1.73 4.34 0.75 93.18
0.88 4.34 0.82 93.96
2.05 4.72 5.73 87.51
1.10 5.60 23.38 69.92
0.00 4.43 0.79 94.87
0.03 4.37 0.76 94.84
0.28 4.38 0.76 94.59
0.38 4.56 0.75 94.31
0.00 4.54 0.79 94.77
0.38 4.47 0.88 94.27
0.16 4.78 0.79 94.27
0.19 4.72 0.76 94.33
0.28 4.78 0.82 94.11
0.44 4.88 0.79 93.89
0.00 4.95 0.72 94.39
0.16 5.07 0.76 94.02
0.03 5.10 0.85 94.02
0.19 5.13 0.79 93.89
0.09 5.09 0.88 93.93
0.16 5.13 0.82 93.90
0.19 5.10 0.79 93.92
