iowait system user idle 
0.02 0.08 0.20 99.70
0.69 1.09 1.56 96.66
0.00 2.53 3.72 93.75
0.00 4.40 3.43 92.17
0.00 7.33 3.05 89.62
0.00 7.33 3.05 89.62
0.00 7.33 3.01 89.65
0.00 7.34 2.96 89.70
0.00 7.49 2.95 89.56
0.00 7.24 3.05 89.70
0.00 7.42 3.04 89.54
0.00 7.47 2.89 89.64
0.00 7.46 3.01 89.53
0.00 7.22 3.08 89.70
0.00 7.25 3.08 89.67
0.00 7.64 2.95 89.42
0.00 7.55 2.92 89.53
0.00 7.33 3.14 89.53
0.00 7.78 2.94 89.28
0.00 7.46 2.92 89.62
0.00 7.55 2.95 89.51
0.00 7.61 2.85 89.53
0.00 7.30 3.05 89.65
0.00 7.54 2.98 89.48
0.00 3.92 1.19 94.89
1.03 1.59 0.38 97.00
1.97 0.16 0.31 97.56
0.03 0.06 0.06 99.84
