iowait system user idle 
0.02 0.07 0.19 99.72
0.81 1.03 4.66 93.50
0.00 2.50 13.13 84.37
0.00 4.60 12.51 82.89
0.03 8.20 11.43 80.33
0.00 8.12 11.54 80.34
0.00 7.88 11.63 80.49
0.00 7.92 11.54 80.54
0.00 8.10 11.40 80.50
0.00 8.29 11.37 80.34
0.00 8.23 11.41 80.36
0.00 8.01 11.50 80.49
0.00 8.04 11.50 80.46
0.00 8.13 11.43 80.44
0.00 8.18 11.45 80.38
0.00 7.69 10.08 82.23
0.00 2.59 0.56 96.84
0.97 1.72 0.38 96.94
2.06 0.16 0.25 97.53
0.03 0.06 0.03 99.87
