iowait system user idle 
0.02 0.10 0.23 99.64
0.56 1.47 27.62 70.34
0.00 2.44 50.69 46.88
0.00 16.01 50.67 33.32
0.00 27.23 50.86 21.91
0.09 27.16 50.89 21.85
0.00 27.21 50.89 21.90
0.00 27.23 50.83 21.94
0.00 27.20 50.88 21.92
0.00 27.31 50.78 21.91
0.00 27.34 50.72 21.94
0.00 27.25 50.84 21.91
0.00 12.35 20.67 66.98
0.87 1.28 0.37 97.47
1.44 0.06 0.16 98.34
0.00 0.00 0.00 100.00
