iowait system user idle 
0.02 0.08 0.21 99.69
0.81 1.19 5.66 92.34
0.00 2.53 13.09 84.38
0.00 6.97 11.29 81.75
0.00 13.34 9.09 77.57
0.00 13.40 8.88 77.72
0.00 12.91 8.71 78.38
0.00 13.06 8.60 78.34
0.06 12.82 8.77 78.35
0.00 13.02 9.32 77.66
0.00 12.87 8.94 78.19
0.10 12.89 8.67 78.35
0.00 12.81 8.78 78.41
0.00 12.94 8.69 78.38
0.00 4.93 2.26 92.81
1.16 1.59 0.25 97.00
1.85 0.13 0.31 97.72
0.06 0.06 0.03 99.84
