iowait system user idle 
0.02 0.07 0.20 99.71
0.69 1.25 23.85 74.21
0.00 2.59 50.56 46.84
0.00 7.21 48.37 44.42
0.00 12.64 45.79 41.58
0.00 12.97 45.34 41.69
0.00 13.27 45.36 41.37
0.00 13.10 45.53 41.37
0.00 12.74 45.59 41.67
0.00 13.14 45.48 41.38
0.00 10.86 36.22 52.91
0.00 2.53 0.59 96.88
0.97 1.31 0.41 97.31
2.66 0.09 0.34 96.91
0.28 0.03 0.03 99.66
