iowait system user idle 
0.02 0.10 0.24 99.64
0.53 1.69 7.78 90.00
0.00 2.56 13.06 84.38
0.00 11.34 11.72 76.94
0.00 13.61 10.29 76.10
0.10 13.83 10.13 75.95
0.00 13.48 10.16 76.36
0.00 13.48 10.06 76.45
0.00 13.54 10.19 76.27
0.00 13.58 10.06 76.36
0.00 13.72 10.24 76.04
0.00 13.67 10.22 76.11
0.03 13.72 10.15 76.10
0.00 13.74 10.01 76.25
0.00 13.48 10.05 76.46
0.00 7.57 4.83 87.60
0.00 2.50 0.62 96.88
1.44 1.16 0.34 97.06
1.34 0.03 0.16 98.47
0.00 0.00 0.00 100.00
