iowait system user idle 
0.02 0.07 0.19 99.73
0.81 1.62 30.15 67.42
0.00 2.53 50.59 46.88
0.00 5.94 50.13 43.94
0.00 8.24 49.74 42.01
0.00 8.14 49.92 41.94
0.00 8.04 49.92 42.04
0.00 8.24 49.79 41.97
0.00 8.26 49.84 41.90
0.00 8.00 49.92 42.08
0.00 7.90 50.10 42.00
0.00 8.15 49.98 41.86
0.00 8.22 49.89 41.89
0.00 8.18 49.95 41.87
0.00 8.21 49.90 41.89
0.00 8.00 49.95 42.05
0.00 8.16 49.87 41.97
0.00 6.23 33.09 60.68
0.00 2.59 0.56 96.84
0.56 1.09 0.34 98.00
0.53 0.03 0.00 99.44
0.00 0.00 0.00 100.00
