iowait system user idle 
0.02 0.08 0.21 99.69
0.69 0.91 1.19 97.22
0.00 2.50 3.75 93.75
0.00 4.15 3.52 92.33
0.06 8.39 2.80 88.74
0.00 8.74 2.60 88.72
0.00 8.48 2.86 88.66
0.00 8.33 2.92 88.75
0.06 8.68 2.88 88.37
0.00 8.80 2.79 88.41
0.00 8.51 2.83 88.66
0.00 8.76 2.76 88.48
0.00 8.25 2.93 88.82
0.00 8.54 2.95 88.51
0.00 8.46 2.92 88.62
0.00 8.49 2.89 88.62
0.00 8.36 2.89 88.74
0.00 8.67 2.67 88.66
0.00 8.66 2.85 88.49
0.00 8.54 2.86 88.60
0.00 8.56 2.92 88.52
0.00 8.42 2.92 88.66
0.00 3.89 1.16 94.95
0.44 1.78 0.50 97.28
1.81 0.09 0.28 97.81
0.06 0.06 0.03 99.84
0.00 0.00 0.00 100.00
