iowait system user idle 
1.59 2.86 2.04 93.51
1.06 0.38 0.06 98.50
0.34 0.22 0.25 99.19
1.06 0.47 0.13 98.34
3.56 4.09 0.72 91.62
4.05 4.08 0.69 91.17
3.43 3.83 0.79 91.95
2.76 4.02 0.75 92.47
3.52 3.96 0.69 91.83
3.84 3.87 0.72 91.57
3.92 3.95 0.75 91.37
1.72 4.01 0.75 93.51
0.94 3.80 0.75 94.50
1.35 3.83 0.75 94.07
0.94 3.89 0.75 94.41
0.85 3.89 0.75 94.51
0.53 3.86 0.85 94.76
1.70 3.90 0.72 93.68
1.67 3.96 0.66 93.71
1.67 3.86 0.75 93.72
1.41 3.92 0.72 93.94
0.69 3.80 0.85 94.66
1.38 3.92 0.78 93.91
1.23 3.96 0.66 94.15
0.75 4.05 1.19 94.00
1.88 3.93 0.75 93.44
1.07 3.93 0.75 94.25
1.38 3.87 0.75 93.99
1.19 3.83 0.79 94.19
1.57 4.05 0.75 93.63
1.38 3.83 0.79 94.00
1.10 3.96 0.72 94.22
0.97 3.95 0.75 94.32
0.66 4.02 0.72 94.60
1.07 3.90 0.82 94.22
0.97 3.87 0.75 94.40
1.19 3.96 0.75 94.09
1.95 3.87 0.72 93.46
1.38 4.02 0.75 93.85
1.51 3.99 0.82 93.69
1.57 3.99 0.66 93.78
0.63 4.02 0.75 94.60
0.97 3.87 0.88 94.28
0.72 4.08 0.75 94.44
1.16 4.05 0.69 94.09
2.73 4.08 0.69 92.49
2.30 3.90 0.79 93.02
0.91 4.02 0.82 94.26
1.04 4.02 0.85 94.10
1.04 4.30 0.66 94.01
1.89 3.93 0.75 93.43
1.07 4.08 0.75 94.09
1.35 4.06 0.69 93.90
1.45 4.02 0.79 93.75
0.82 4.02 0.85 94.32
1.51 4.03 0.75 93.71
2.08 3.99 0.72 93.21
2.33 4.03 0.75 92.89
1.45 4.09 0.75 93.71
1.26 4.18 0.79 93.78
1.07 4.15 0.75 94.03
1.63 4.09 0.75 93.53
2.61 4.18 0.72 92.49
1.00 4.21 0.82 93.97
0.79 4.09 0.75 94.37
